4472169,4268698
4489088,4312604
4752813,4612045
6649336,6140351
11068052,10935910
8434294,8196537
8724313,6164938
6819902,3916767
9163249,9019769
4200631,4055836
5110373,4310139
11086571,6162841
4040359,3910077
4190608,4061429
6587431,6477026
4505221,4313542
9002819,8850804
4067257,3946896
12555032,12400437
10929543,7966962
4848361,4713181
6309468,4837223
11600208,7586401
4241877,4112361
4141057,4011343
4104737,3980741
8995216,8521150
5964145,5732885
5816655,4561872
4343590,4179084
4116332,3993383
4272766,4117426
4235604,4001779
9574136,9407118
16351717,4211997
4536415,3889020
6342678,6220178
4081071,3938198
3984612,3879472
4181826,3936863
4070909,3961541
4193692,3979371
8686378,8426469
5275687,5154746
4476195,3884459
4351828,4092979
5315990,5192844
12316359,12084048
4258279,4020458
4171898,3960321
4247809,4017461
4174553,3943704
15368952,15107827
4091906,3967339
24633619,23947762
4717256,4543509
9721621,9587295
12850462,12320001
4270406,4137391
4242144,4006414
8997039,4026393
8181958,4195595
4346768,4201091
4227914,4085654
5782177,5096094
4424082,3943062
12421383,7299315
6032591,5906665
4989638,4693054
4207099,3951163
6695787,6450427
9262441,4680205
4139119,3993397
5597779,5344304
14218096,14014541
7845046,7722989
4189991,3969246
8173367,7942191
5494952,5379298
4289385,4051936
4480546,4074733
8184375,4145930
4181746,3956085
4160192,4038636
8715264,8488183
10952853,10831773
14823713,14579593
8229366,8081437
8874443,5012313
8144392,8034723
8567049,7424840
8074073,7950276
8582205,6997535
6000268,3940053
8466185,8225569
4328646,4166231
5307006,5105080
4474494,4170216
4037030,3924385
4426119,4218629
4411125,4168327
4178575,4046405
4265560,4020312
4165575,3939130
3989061,3877929
4197104,3954767
4167258,3950431
4278811,4124445
4311669,4029405
4179660,3923886
4051584,3945025
4281837,4031265
4105118,3895424
4697343,4475364
4322289,4068336
4362773,4096300
10914065,10524556
6452435,3874902
9298339,8626690
13379460,13015294
13988655,11138840
8668857,8075583
9518064,7049222
8436940,8147340
9142375,5163889
8680362,8058648
9589917,5705644
4562154,4280858
4121087,3907966
4264763,4019969
4167476,3944583
5326600,5080505
4343627,4120252
4407600,4149284
8965644,3958278
4301447,4122745
4052098,3833201
8498652,3973662
8929375,8658062
8804529,8063485
9319607,4900497
4493115,3911213
9228138,9089537
4273611,4057538
10303259,9977593
8444165,4062420
8989238,8777247
8454839,8236084
10511790,9851132
7785489,7551466
7260608,7013162
4610706,4263717
9185085,4018667
4789720,4500288
4369072,4117988
4255972,4011905
4099741,3876625
4244563,3978523
9420739,9065236
8109682,7842976
8641547,8286640
4157952,3958338
8636732,3927278
4705664,4427358
4044008,3834512
4371689,4117675
8929399,3935547
4206270,3995765
4113966,3882665
4418420,3980476
4009623,3902581
4226902,4002253
4051805,3844053
4179218,4023932
4071931,3866651
4081782,3940532
8785913,8522139
8293258,8075851
8853208,5350845
7563294,3862729
8909690,8371997
4623914,4396356
4391398,4064398
4236674,4015701
4133559,3924414
4250038,4028082
6289481,5991942
4790143,4038712
9916210,9160986
4651533,4404504
9387450,9147066
4443047,4168707
4614678,4003123
4258956,4039504
4057190,3935152
4156528,3936141
4530890,4386992
4582102,4295392
4094983,3976660
4210145,3979657
4082306,3973676
4227852,3988927
3952545,3842865
4460794,4166042
4053675,3943949
4839012,4129360
9273006,8543999
8111716,7890108
5918237,5795751
8332980,8104693
8761027,5752673
7269461,6962095
8562407,8185163
6600500,6380985
8980329,8858557
8648513,8395082
7175199,7010030
8143602,8015706
8639124,4696752
6720567,6400856
8745121,8375760
4340136,4186427
9699685,5066746
4034329,3918571
8466837,8246842
6821454,6684287
8502984,7495622
7349751,7210392
7253245,7029032
8672296,8402874
9126228,6348272
6875205,6673468
7130726,6906157
8558068,8411360
5952160,5695438
4682515,4411095
9485537,9328376
8798284,8499326
9323532,6800092
4541503,4255256
4061234,3924202
4197115,4057846
4194701,3961450
4130021,3912595
4112781,4000370
4172752,4030323
4244484,4028399
4650691,4392624
4322910,4159167
8915729,4097619
4644871,4322254
4100246,3962893
8892042,8602736
4212903,3991614
8890996,8732456
4218073,3992515
9232470,9058190
4689821,4380353
4068159,3951678
4384871,4073594
4442599,4281438
4538520,4248482
9062218,3915932
8244930,7944060
4116109,4013420
4319745,4074175
4087239,3982649
4349618,4096617
4123453,3996094
4246053,4015363
4013176,3904246
4135661,3916316
3993655,3889415
4630744,4290421
4089801,3947289
4067266,3941470
4101044,3961260
4124731,3986392
4598287,4441610
12809103,12586905
6337583,6217373
4185647,3972228
4143493,3923314
11144909,7281814
19112725,14451169
4329865,4068867
4163875,3943800
8917062,8685027
4458567,4189318
5026470,4146831
9613886,9249831
4198229,4047410
3960517,3853520
6954315,6706649
10672979,10558314
4696653,4586827
7777065,7556962
6893341,6754402
4311966,3939463
8403461,3842195
7444042,7330384
6171731,6062415
4339019,4062241
8818142,3970567
5756893,5547667
7086226,5500682
4809105,4656901
4169608,4060133
4237582,4118786
5161856,5042869
9628982,9499498
4914163,4801396
9262599,9141664
6059377,5891485
8046990,7924367
4043894,3934575
7695477,7521299
12246706,4069143
7400274,3876697
8558118,8409983
7707629,3952668
8447529,8262018
8296370,8092656
8546162,4769775
7951434,3870482
8390201,8259940
4384433,4129951
8702974,3951351
8203304,8071396
8775365,5997369
8331207,8220442
9079474,6032426
7886178,7738761
6958476,6848009
4078872,3918094
8313687,3846402
6455940,3909724
9123635,8819186
6911608,6787208
5085182,4869836
7434411,3885133
8718085,8508488
5010080,4802561
9378523,3901624
5119762,5001828
10431368,10072624
4727345,4099663
9512843,4178552
4085899,3969286
4068137,3855613
4197520,4052977
8657656,8426271
6115119,3952887
8871005,8627681
8116890,7952750
7320928,7063964
8707541,8319366
10192843,6663254
6524171,3943329
8761581,8499882
8330569,8040332
8924491,5326949
9931560,9521882
10616472,6846742
8654451,7968042
7262108,7036259
8922041,8160870
9615991,6000169
4333299,4094609
8885115,4035329
4559163,4290286
4030319,3904250
4146506,4024616
8576369,3925573
4244429,4016390
4181336,4045170
5492392,5051942
10095893,3929689
8435490,8167531
9080238,5732657
8467255,8076813
9349920,4802518
4108767,3990936
10219812,9637457
8469551,8137395
8916044,7440023
4801161,4452377
4955940,4239042
4726794,4054960
4556971,4290221
4053454,3922546
4188968,3958633
4389136,4111278
4172484,3946622
4837506,4137100
9608395,4138668
4378227,4121896
4176978,3962274
4449068,4157976
4191982,4085703
4488452,4240077
4342293,3959589
4347439,4117008
4076020,3966933
4438087,4192053
4423724,4136031
8867575,3898047
4275017,4029168
8962381,4108811
4567628,4044863
9106177,8772969
3954070,3736906
4030061,3913231
8054735,7849317
5007941,4779169
6513243,3991674
8756462,8631787
7780572,7430142
9000552,7658978
8432732,8123489
10555789,9428735
4350577,4110067
9404392,8875487
8274810,8077180
7426994,7206487
4375157,4027934
8739382,3978362
4590719,4272064
9515779,4286474
4492870,4171745
4094233,3963128
4242919,3988324
4393967,4218719
4284229,4028120
4199302,3984767
4261042,4044331
4060036,3953498
4275058,4004664
4190804,3944673
4412498,4132682
9318567,4285030
4260941,4010242
9714137,4741294
4050834,3931664
8605335,8362711
4375891,4102313
4195711,3973046
4591188,4000949
12599956,12452160
9074040,8465900
10296617,5994924
9819311,9601784
10366053,6498959
8351238,8215297
8149626,4693840
11670594,7972610
9647862,5758337
7890199,7760976
7174351,7061527
5601969,3910470
8511873,8287797
4215105,3981738
4140441,3925868
4101101,3985248
7830430,7688019
8720236,8531258
8402140,5537700
12563614,10305260
4115014,3983197
4204830,3978014
8721446,8507420
4181719,4033641
14102663,3879115
14530873,14415811
4473382,3902018
8108618,7966224
8550298,6479878
10492183,10376278
4721166,4540904
4660297,4110699
4083228,3955302
11233609,8448626
9590536,9375340
9731307,5517621
4299257,4067945
4117463,3945907
10604269,10405273
8106716,3940751
9364615,9173915
8088262,6195624
9601276,9421136
8300373,8098533
8664609,7520039
14186969,14059771
13852494,13636932
4113251,3987102
8600922,8468876
4145674,4030159
4187684,4031717
6425819,5266097
11127970,10920641
4467477,4283151
4187687,4040677
6045236,5780398
4112035,3979455
4110205,3984759
4244330,4024221
8816702,8665291
4141616,3981923
4541217,4398527
4388056,4140705
4047567,3919056
4645766,4473428
4247406,4139465
4452348,4185269
4039385,3921391
4258548,4115466
4086531,3954928
4342353,4097520
4171362,4051320
4707104,4358531
4186931,3876292
4367195,4191030
8976931,8723950
5766817,3941855
8982964,8708045
4284606,4089456
4128622,3905137
4354448,4175565
4592294,4330956
4307460,4140695
7234873,4086943
4399384,4193690
4505559,4163097
4328929,4159241
5826124,5490371
4180499,4055750
4084821,3958394
8877813,8576509
4222950,3998587
4286522,3893302
4211374,4066650
4292653,4042241
4428418,4200150
4251848,4096311
4223998,4061360
4245623,4013712
4184686,3952787
4216736,4083974
4215230,4075772
7790391,7504210
8346003,8130988
7121648,3976944
8985513,8796216
4609147,4301576
4197495,3914664
4387065,4271474
8962948,8713915
8387302,8128589
9636048,9362280
6775417,3876595
8977968,8792212
8793680,8472523
8506320,5484798
4260338,4131253
9154411,8977773
7782974,7529494
5467946,5256766
7159720,6853782
8311519,8200092
4194970,3983199
8942046,8673325
7087244,6824269
6369646,6257890
4142115,3913556
9067987,8779410
6462596,6201706
7575070,7463264
8136043,7845274
8384099,8175946
8583618,8265780
8499475,4970191
8762011,8388523
8881006,8287265
8714377,8101157
9280528,5100866
5270644,4980593
10369460,10062771
8508731,8242981
8674335,4686857
4213382,3990240
8940422,8678834
4485450,4208658
4460782,4127307
4543271,4259656
4127771,3907879
4350736,4113438
4125046,4016856
4794879,4440076
4775313,4061275
5946297,5697322
4487487,4281165
4629743,4309919
4304990,4055520
4353136,4198816
4252126,4010296
4240557,4006838
9319101,8984792
7582168,7401888
6631551,6395538
4402418,4084229
4017035,3887733
4902767,4634213
5011293,4264778
4421968,4271203
4153185,3934845
4375087,4112523
4496946,4211773
4164680,3928313
4650519,4391500
4386179,4003508
4333561,4127238
3977227,3842161
3971811,3860365
4116483,3885728
4337774,4096009
4272830,4132346
4065297,3953949
4615284,4291710
4190406,4068164
4055834,3927729
4210801,3967469
4174444,3944171
4119215,4004524
4235976,4084453
4389638,4242007
4355395,4108657
4166510,4006425
4127157,4010299
4011255,3792935
4217212,3971514
4228478,4078616
3857366,3747850
4076907,3936867
4261398,3987288
4344868,4201160
4244783,4099565
4025185,3909957
5129095,4844821
4189658,4062120
4184362,4042753
4159902,4040050
4370182,4112827
4297807,4136639
4231620,4086686
4020516,3898517
4218156,3964285
4286233,4148934
4323379,4182100
3829871,3732291
4143485,3927230
4030937,3913224
4017972,3896430
4264244,4134157
4701900,4092904
4293419,4079786
4024466,3875759
4041554,3923565
4548135,4291058
4040490,3930362
4015061,3898708
4134192,4027826
4192539,3947636
4126430,3989460
4208708,4086076
4005892,3814566
4353371,3983877
4014860,3909967
4288141,4073100
4030501,3902510
7589120,7306093
8444805,8299434
5067438,4855949
7991747,5456774
7118316,3785571
11729084,11378043
3987058,3873375
8369040,8236259
6398901,6227327
8247162,7986761
4157108,4041540
3992432,3873220
4880681,4708842
4240597,4014271
4078442,3957643
4084688,3957336
4087949,3956278
4270055,4022675
4066077,3937193
3920543,3801734
3952407,3796919
4124607,3915462
4252769,4117428
4154226,4035538
4090651,3962494
4141368,3929378
4075612,3952822
8519127,8346195
4585125,4392959
4108042,3888099
4172284,4055467
4105957,3994462
4046198,3913959
4300751,4043076
3965251,3851571
3947835,3831944
4073989,3840611
4558005,4314304
4328812,4206599
4038951,3894863
4047295,3938803
4248536,3995308
4260625,4132563
3952051,3842972
7151111,7020584
4257940,4030807
4136573,4014266
8480066,8357920
4101448,3980309
4151785,4012100
8084446,7965916
8587378,4582791
4265150,4132975
8730707,8597001
6931372,6776789
8964313,8596048
3961906,3849279
8272120,8047957
11667888,7927544
12659961,4751041
3939669,3818470
8347583,8218113
4116702,4006980
4084652,3971324
4140820,4008180
4044668,3935044
4071339,3957855
4049911,3936426
4159467,4015430
8534308,8427800
4108527,3895560
4278271,4150498
8188809,8033512
13337177,13223138
4527728,4411815
4051829,3940186
5278018,5165166
9450177,9319809
11438026,6076338
4011956,3891135
6136104,5457840
11095789,4397965
3996575,3875160
4228459,4092856
4522116,4366306
6111098,5866661
13556602,13372678
4038978,3921535
10173699,10028270
5199547,5061561
9559532,9429749
5088227,4949636
3945391,3840483
8883567,4370507
4261393,4148529
4182713,4047405
13426037,8784672
9234102,7868326
4610820,4451397
4412664,4161894
4215432,4095549
4295229,4166126
13089034,8462019
6451195,6332536
4284693,4039371
8802004,8682935
4528253,4200166
4235765,4022897
8860849,8580044
5021842,4904624
15627859,9662003
4126181,3910111
4307888,4176263
4258694,4112760
8187330,3929942
14246461,9506524
4154292,3900121
3869227,3762298
7927436,7802839
7894506,7754702
4078693,3946294
3979995,3864223
4112222,3900779
4176888,4028186
8605091,8368382
4076352,3963555
4305550,4155610
4133531,4009179
4325037,4116267
3970718,3853763
9859777,9729999
6587821,6425207
4229156,4090809
4082063,3952718
4183185,3970624
4163887,4027470
4187028,4012216
4075797,3958412
3974976,3864712
4063382,3949649
4283466,4077513
4059244,3945706
4498833,4352894
4165944,4045745
3979514,3836553
8448138,8338415
4151228,3937025
3956949,3844079
4027977,3908186
4218452,4079854
4266521,3983835
4083399,3968216
4109917,3894879
4154333,4013398
4075123,3942228
8511149,8392636
4075339,3950923
4366602,4221453
3995910,3880342
11528258,11299424
5894466,5647871
4239102,3997353
4074843,3962663
4230997,4101037
3901043,3785945
4201057,3959672
4012484,3881832
12854030,12694550
7593926,6982954
4022613,3906847
4286733,4157975
4157751,4036917
11926614,11693113
5911784,5696567
4082854,3959771
4118179,3974040
4311258,4177133
8735170,8622102
7273666,7028520
5201483,4952857
6859997,6620091
7719666,7610539
6419475,3948937
8678041,8474367
8760616,7165422
7961814,7649866
4149713,3926044
3962335,3821266
9289094,9139569
4075937,3951856
4074323,3860930
4625022,4446213
9539231,9253078
4191634,4083661
8809791,8640934
4101186,3964625
4199637,3942517
6053131,5185031
4066881,3878730
7843853,3926355
8815628,8648337
4445368,4194939
3969094,3844477
8221149,3890597
4244497,4112939
7536397,7328227
8493435,4760111
4074043,3968653
5757394,5526046
4203254,4076869
4046672,3827829
4126729,4003458
4016780,3916828
3955715,3845939
4171356,4005177
4642624,4396488
4506354,4357942
4057952,3937132
4159927,4045964
4111054,4001948
4209366,3977206
8418641,8278500
9081910,5670521
4264271,4026693
4223342,3995892
8788224,8641471
4001892,3875101
4111423,3999900
8728777,4069631
4482442,4225353
4100473,3976442
4101143,3980336
8444511,3827393
4023899,3840353
4548361,4289414
4206098,4065831
4207220,4074139
4000903,3893160
3997217,3856935
4749737,4499386
5659546,5467300
4052005,3926625
4105225,3984484
8390211,8280912
4231111,4001078
4273768,4168090
12010738,7342361
6437765,6323083
4050893,3934665
4243407,4039784
8966913,4199560
4964779,4776040
3998071,3882223
4036878,3921406
4185870,3968107
3958219,3843902
4139379,4031497
4546957,4392765
9483205,9290599
4253472,4030285
6512904,6397200
10683823,3774049
4383479,4214242
4143645,3910732
4075507,3944218
4028280,3910357
4230000,4072376
4089446,3814695
4022588,3882730
8353992,8224768
4067559,3862398
10189056,5499416
4139524,4022117
3998554,3883307
4506852,4243285
4040852,3922465
4307168,4159195
4015984,3894105
4379425,4122995
4079562,3974056
4026594,3908237
4045798,3927499
4182212,4067506
4464007,4287402
4007794,3889226
4405871,4156372
4169942,4018730
7823691,7712806
4568516,4445755
8902822,8548631
7210665,7070461
7568541,3952512
8710055,8566609
7618661,3907607
8754097,8496957
4522328,4335199
5057641,4238502
4169046,4030442
9051115,8859747
7637585,7427936
8221647,8081793
4091801,3955989
4063550,3946844
4155648,3916179
4169392,4051436
4044096,3924506
4115025,4002328
4196307,3961307
4307146,4162711
4072246,3955954
4084363,3963965
4065301,3846121
4148767,4033652
4060460,3945197
8358130,8231219
4193363,3977915
4032502,3913708
4251535,4118281
4052768,3916953
4449269,4033365
4236707,4110015
4106029,3992908
3986402,3843761
4192687,3965629
3970788,3864634
4072800,3912364
4054050,3944028
4504213,4350660
9454557,9164781
7662726,7541577
4688053,4536863
6369321,6185725
8113974,7897692
7258239,7079441
7591984,7474867
4322146,4186760
4106901,3899063
4377795,4174859
5661759,5440460
4806047,4585192
9620977,9436196
4182969,4063656
8744932,8607112
8594681,8282875
8538407,7243010
4162860,4047004
8585474,8445919
6764908,6521775
8187830,8075564
4414705,4226984
8217350,4102796
4068317,3847081
3958012,3678782
4473131,4242169
3943121,3831837
4360516,4218407
8944908,8692498
4090621,3973923
8765088,8629407
6993206,6863225
8062804,7841031
7341708,3882244
8554608,8410717
4385844,4253125
8264079,4054284
4377181,4228377
8728050,8593622
8029118,7859410
8499335,4894219
7250996,7087399
7983383,7859676
8357630,8216064
8272551,8051544
7592980,7423009
8051128,7937199
7729871,7559330
8181580,7957531
7743406,7609068
7830314,7712746
4367948,4210776
4127827,3885357
4115959,3982882
3999938,3890620
4018090,3886945
4446146,4203795
4187506,3988987
4651292,4537607
4233366,4092046
4261318,4026162
4232431,4088505
4050437,3938710
4060804,3930352
5891621,5569623
4169022,4045723
4051420,3931264
4246988,4119076
4311129,4069329
4248816,4054827
4293659,4167241
4091863,3959623
4241994,3986238
3956172,3837594
4389440,4239278
4071488,3942753
4432054,4201101
4332047,4064147
4147964,3900864
4044293,3920389
4195200,3946177
4249796,4081471
4192279,4027603
4072390,3949804
8658872,8551574
4315798,4157998
4124347,3894009
9010406,4363401
4164106,3930299
10302178,10186764
4113635,3997619
5091122,4824754
4519877,4388070
4136544,3994313
4044756,3921729
13136413,12912219
4019395,3873734
4076049,3969461
14302587,14195545
11306939,11066652
4091544,3953717
4144036,4018382
8808734,8586922
3894631,3767578
4238804,4104744
13759320,11917982
10020348,8505630
5402535,5195387
11965316,11824310
12203421,8080996
7215506,7065693
4124785,3984635
4425669,4303551
6728337,4617355
7791793,4353432
21135087,15882015
12589177,7745920
9365640,8020128
9662174,9422178
4197848,4059967
15142752,10747925
7318510,4598388
15775415,8142236
21124242,16158060
11468020,11317406
9353642,4401369
4194212,4063724
9010454,8007910
11988933,11849391
14951832,11689429
15734924,11720607
12021726,7986697
3982623,3853635
4171530,4046774
4184922,4056281
9655704,8303329
15943912,11720210
12483801,7900618
4067019,3944560
4566157,3959160
7806541,7678151
4669823,4371551
7610074,6570061
13450634,3898094
4414823,4283939
14645561,11772451
8109999,4953129
4322851,4189752
9937095,9803523
13077845,8779107
10778619,8080453
4616004,4475699
8972784,4384965
7711863,4036548
5790015,5629793
10262879,4046730
4033035,3914569
8464984,8301498
5870958,5601878
11190245,10874503
4280756,4077600
8918068,4118698
4245828,4105822
4159749,4013553
4071065,3920393
3874246,3736973
4319378,4159135
4637243,4468368
4171616,3942027
4084680,3965864
4171946,4053772
4020825,3861169
4212364,4083363
4282757,4165169
4582224,3943068
3867408,3710427
4684915,4388055
4057394,3934565
4173260,3943161
4208798,4065105
4250565,3948482
8756834,3945007
3984844,3869602
5418339,5254760
9959079,9715298
7739204,7602489
8399997,6543675
8082360,3856613
8712806,8418320
4203934,4014608
8564552,3892135
4371346,4222235
4103126,3879826
4368867,4201942
4197414,4081845
4354502,4173603
4132985,3915455
4107769,3886171
4247092,3854165
4024846,3872149
4123211,3910948
4264027,4129172
4120243,3906162
3889325,3781088
4344054,4095906
4672138,4397404
9029220,8865078
7336309,3954822
8574577,8369887
6007672,3701597
8350124,8072639
6987990,6531240
8795573,8574666
7711683,7512935
5543072,5297067
6903203,6776163
8352377,8103303
4403345,4113738
4250312,3862283
8590405,8366453
9312904,7541927
5927752,5540402
4085850,3974906
4620371,3961418
6003307,5515281
8286163,5127526
4303212,4112901
8231292,8113561
6542314,6279857
4318770,4070451
4083358,3975688
8688631,8468326
4286006,4176527
5821740,5691804
8724941,8499391
3943303,3831751
4133679,4019829
10249506,9944834
4217064,4077165
4116996,3897574
4032390,3924308
4378982,4232220
4203994,3987191
4076668,3961749
4327527,4081730
4050219,3928516
4254137,4112426
4285973,4035303
4107800,3949306
4257946,4052938
4135644,4007088
4106993,3878482
4476320,4321856
4062698,3854749
4283688,4022466
4151855,4013596
8430912,8324593
4559734,4305238
4252221,4032923
8914234,8787511
4035519,3795043
3931851,3831228
4181223,3978705
9391518,9231233
18620272,18244699
4154138,3894950
4394490,4230292
4038389,3918526
7862546,7742488
7388544,7246793
4054322,3924342
7718503,7617193
6564510,6445764
4231520,4121858
6989926,6890423
8366336,4519915
3988697,3874550
8464337,8355227
8602723,8410211
4039523,3928476
4004381,3894389
8388055,4026871
4090326,3973183
4622999,4470458
4813913,4661530
4082181,3961038
3951632,3844772
4215921,4072394
4131449,4023666
7403594,3821031
8502202,8374268
5038231,4139005
4144424,4017822
12295390,7674261
7021576,6907120
4386320,4229587
4216069,4098286
8572564,8434839
4190552,4046524
4224710,4110949
8625870,8511893
4355252,3997245
4508083,4377570
8946651,8810674
4210488,4099567
4427025,4184962
9182484,9043850
3998165,3887991
4098871,3990413
8958945,8815923
4308384,3953381
3964988,3851214
12304602,12185291
6387015,6276548
4279126,4142068
4199516,3990828
12017848,3902964
4342846,4203182
7516667,3828120
8183823,8081462
4363577,4125694
7115587,3825480
8424419,8203285
4355609,4114720
4188015,4063519
4069468,3956670
8620810,8379684
4214224,3982731
4065160,3960478
8533656,8433604
4181429,4065507
4103732,3884209
8619769,8393416
4123459,3999394
4345562,4174346
8573807,8463801
4174877,3969121
8075894,7951034
10063511,9865043
4289815,3971864
5214815,4971803
9865944,9742633
8206965,8086637
9708189,9415547
7005935,6889297
8831571,8586910
4107689,3978008
4277076,4029632
4567114,4321617
9576738,9286883
4228335,4036570
5769175,5454451
7865525,7633283
4740357,4621236
4146795,3937343
8419038,8298600
7969780,7558324
9512347,9108648
4082555,3971298
8770822,8524070
4145542,3932233
4073459,3968320
4116893,3868510
8890498,8744697
5850540,5737764
8718826,8443837
6548968,6287739
8098437,7977577
8108977,7999794
7633365,4717867
4557562,4292106
4350122,4008562
4229374,3988426
8872204,8752644
5693812,5580510
8861557,8568541
4178959,4039381
8589806,8375778
7722090,7590502
7902958,7684906
4262246,4044240
8984641,8841542
8032675,7899143
7742559,7504615
8947012,8651888
8912864,8759879
4638499,4459245
4103300,3896755
4323974,4100906
4217730,4040322
4316775,4090537
9380718,9204178
4238454,4109044
8950353,8699615
7001420,6883737
8482319,8237978
4282813,4111770
4303938,4061926
4198973,3958477
8928222,8767171
7998572,7821933
8485733,8142882
6225180,3899619
8603680,8204474
4258106,4101579
3954611,3728005
4231207,4110501
4729233,4055417
8024978,7876534
7922185,7698859
4141786,3917127
4213998,4035409
4164857,4047003
4213684,3982802
4819492,4494713
4679975,4405497
4140919,4031370
4262958,4108952
10604929,5735814
11616493,11288943
4185505,4050381
4589150,4331121
8970576,3875623
4188238,4044504
4261689,4078272
4052368,3837080
4156990,3935731
5727703,5493318
4180637,4040310
4095758,3986596
3962036,3700964
4226489,4108389
4754321,4622671
9225746,9082465
4174080,4051010
5386378,5111850
9755833,9534512
4005184,3890895
8308764,8186054
3947591,3833312
4204072,4069970
4175545,4018612
10691876,6066166
6596145,6463097
6411717,6295620
8071641,7951238
6545222,3810115
8700589,8492375
4199608,3968602
5228582,5110542
9832337,9654840
4174205,4027817
9163749,9004966
9600826,9343816
4249091,4096291
4063407,3940007
12691289,12565824
7901150,6374433
4000673,3877442
5223360,4386498
9959007,9763291
8791156,8661797
7011466,4703134
8032291,7902567
8027267,7909389
4627364,3976580
4110064,3990136
8650150,8534260
5972758,5758494
9976596,9859403
4143890,3975525
8724594,8590623
4405122,4234060
9126023,8883320
4539427,4313111
3967588,3853623
4291933,4038286
4329721,4079190
4114178,3989678
4250917,4047147
4131733,3898212
4180419,3896200
4302857,4163627
4198314,4051424
4295504,4076773
4126693,3872747
4065885,3923938
4023767,3903037
4194763,3896733
4296421,4080036
4262168,4145658
4293093,4064917
4151048,4024910
5042090,4370520
4079846,3950056
4160223,4050063
6804654,6693805
9583209,9448700
4112515,3999920
8663609,8425444
4742136,4543716
4135853,4021766
3994863,3870224
4046610,3927208
4199440,4085775
4146322,3884121
4367970,4222368
4057097,3937940
4105818,3987449
4660937,4335835
3859365,3756043
4103863,3996893
4406224,4269590
4200526,3988646
4132586,4013641
8554007,8440692
6970217,6675720
8618614,8361556
4198779,4059757
7643441,3881119
4266395,3982930
4129819,3832335
7576329,7348415
8539739,8264976
4353136,4116247
7977668,3976790
4063957,3954901
6967835,6860597
4477979,3886861
4575733,3992682
3950187,3831173
4269790,4086958
4096944,3877585
4350131,4087902
4255978,4110026
8305381,8076589
7925817,7656128
4133911,3898419
4039729,3926809
8174108,8016159
7869420,7649104
4289379,4044854
8290851,4338312
8315964,8180620
7828517,7593808
4269497,4031147
6483306,3798101
8073609,7875642
7669273,7431726
4215083,3977945
4036106,3927361
4071402,3938921
4161672,3947758
4190069,3950514
5191811,5000584
4228924,4099944
4447280,4180407
4165745,4040145
8927067,8635217
4276297,4054712
8855915,8746715
7695082,7438433
8237451,6737527
4317426,4146836
8967839,8707805
6982422,6839372
7894707,7666770
7822631,4664931
9547133,9361981
7354733,3789646
8716726,8582202
4079929,3832282
7583480,3888532
5864332,5173338
4459370,3848095
3986203,3846343
4229001,3997973
4180268,3938889
4050076,3933889
4519341,4405656
4287901,4039309
4318187,4100656
4191178,4068897
3929277,3814628
4331515,4104688
4087177,3864950
4226929,4101130
4173616,4039256
4208560,3976000
4905774,4688535
4293072,4166540
4174967,3995713
4692278,4448790
9532938,9253505
3966500,3855474
4000441,3762868
8423648,8163157
6773591,6549879
7871895,7639784
8835124,8702142
4581125,4263277
4686515,4402579
4570077,4377037
4291477,4141966
4446681,4163843
4203560,3963438
4399651,4254799
4089660,3948184
4421413,4202974
4305106,4168478
4992800,4860038
4215497,4097560
4141814,4010495
4269123,3995776
4241045,3995651
4108792,4004947
4001345,3884919
4131219,4011978
4378728,4110002
8989606,8776246
4021994,3901911
4032775,3922563
8643113,8519047
4264159,4014612
4732934,4622786
5788598,5503242
10242485,3891652
4768794,4542134
4063767,3936747
4233417,3963385
4019437,3911743
4269552,4017622
4244343,4002292
4165980,3824783
4178450,4032014
4095628,3885124
4091482,3885712
4447591,4217169
4004565,3894753
4355243,4121781
4077432,3875824
4370518,4119306
4109273,3980682
4087993,3864084
4230681,4011988
4257717,3978528
4152579,3951464
3965805,3735960
4157409,3925671
4333885,4098248
4385822,4234570
4378880,4159892
4622556,4469959
4191660,3968507
4107506,3975005
4129495,3907852
4124496,4011962
4159034,3945060
4231198,4100939
4154400,3938869
4294820,4039081
8925632,8788332
4136186,4017378
4205052,3964492
4071841,3858353
4090292,3966528
4088661,3962285
4175936,3946326
4396794,4116908
3943059,3824614
4344534,4193680
4067357,3853638
4193431,3980214
4093025,3973503
4048560,3906533
4244624,4027318
4426776,4150530
4102801,3973483
4095020,3913294
4263683,3925808
4212404,3954558
3934607,3812110
4098900,3979251
4197893,3983207
4054938,3723684
4082578,3935038
4074254,3948365
4177557,3898826
4094786,3864944
4173085,4008141
4043189,3928886
4302630,4091766
4341524,4092244
4096248,3984349
4030055,3907751
4242771,4020485
4837247,4201568
4008346,3897660
4223698,4003233
4825267,4056333
4321741,4068030
3945784,3833304
4022657,3910600
4178588,3944198
4098291,3982589
4306753,4063234
4168809,4059746
4243905,4108519
4183050,3967461
3919417,3697405
4141289,3920476
4055908,3940362
4179258,4050863
5975106,5657784
4050893,3937446
4234772,4059466
5156500,5018378
4191449,3957058
3868911,3762252
9509663,9268255
11838664,11609833
9321147,9190210
5977382,5782809
5611920,5485426
8456643,8329456
8313995,8194915
9967303,9822985
8868461,8235252
7204666,6442422
7006165,6877733
5305461,5193823
8636359,7961997
5204652,5090894
8052257,4071208
4404777,4186122
4185867,4065926
4121454,3998141
4736308,3878363
12988331,12871379
3996127,3884854
3957581,3820952
4141258,3985084
4284616,4134203
5728415,5472496
4049024,3926231
4881918,4734958
4958231,4089876
12906285,12793093
4174396,4043430
4034540,3913652
4214870,4104834
4343169,4195229
4050653,3914876
4146646,4015894
3976489,3873412
4041337,3918025
4156632,4046760
4285886,4139028
8739604,8507370
4074466,3962870
4175525,4063702
4210262,4098086
8621709,8496108
4148486,3944576
4203334,3948361
4184685,4070859
9816358,9707211
6692843,6560106
4086570,3971572
8751932,8639343
8023392,6800839
7697110,7524664
3967153,3858887
8490459,8276402
4021356,3915595
8527037,4084273
7846773,7695291
9843947,7484209
4296500,4157557
4268906,4125571
9767781,9445240
5500566,5370581
4641129,4354109
4239530,4068045
8658897,8539739
5986993,5848978
6300151,6052169
8931590,8805879
4270967,4031977
3967362,3854265
8646266,8491599
4383837,4247878
4327005,4104619
4297002,4160327
4181137,4054869
13385187,8664308
4232421,4001950
3909161,3799480
4168746,4064676
8588548,8477936
3873233,3719894
4398668,4256402
3888656,3600460
8503072,3959564
4043065,3911201
9512061,9325736
10457382,4375093
4404490,4197495
7274371,7022047
12181966,5327303
8127458,3897763
8563092,8241519
4240202,4068484
8649381,3961435
4439979,4270295
4064311,3852318
4072078,3774194
8650603,8539142
6976172,3652973
8192177,7963307
8237961,7987608
8893168,4595644
3927710,3819321
4089381,3811443
4102269,3988011
4282129,4054974
4211650,4053208
4319772,4051222
4226782,4116680
4148825,4031234
8826888,8579125
4349472,4095821
4157898,4040270
8209464,8090768
4987074,4722083
4477601,4209895
4021997,3908629
4120299,3928059
4333310,4098176
4567972,4311346
4088049,3977666
4535186,4345935
4320394,4094071
4317608,4062859
4058324,3932911
4308093,4167678
4138384,3907878
4277106,4047843
4322699,4192542
4101757,3981125
4099254,3837985
4133846,3904135
3956126,3844218
4460750,4219465
4174903,3866067
4027547,3814538
4248899,4103555
4050868,3936604
4405363,4162350
4363686,4111576
3936657,3813066
4086954,3963198
4475440,4174225
4032562,3812672
4104140,3991480
4090419,3971255
4598640,4089353
9513209,9102665
4258937,4100020
4067219,3935165
9560150,9276144
8988450,8688595
4177708,4026040
4125655,4013983
4097424,3873594
4383547,4126845
4210737,4076381
4079262,3953944
5903117,5573320
4195896,3985374
4138243,4012373
4230430,4098462
4779984,4578702
4295941,4001343
8906558,8505939
4249491,4098213
4178073,3947736
4571717,4403224
4301505,4055134
4200692,4068622
4449755,4162807
9451849,4393619
4647260,4338393
5052405,4317631
4311606,4161634
4280004,4031908
4246078,4007199
4029781,3923638
4142148,4021162
4115474,3892619
4514570,4206600
4761532,4096531
4308628,4084246
8809109,8678033
4648971,4322434
4225230,3940385
4549709,4402647
8955051,8741394
8734175,8320282
9081444,7273760
8210195,8052483
8914782,5431927
8344707,3942710
8928477,8660945
5965371,3906639
8598369,8456961
7963433,5573104
9083397,8806463
4357328,4134645
8745672,3996452
4613890,4445897
4175197,3951798
4293497,4161040
5315373,5211063
4374380,4119653
9190118,9056687
4002328,3884940
8837394,8262796
4191233,4050714
7960348,7821607
6932354,6820454
4179631,3943174
6681161,6544505
8275059,8124535
4007747,3896400
4321248,4071332
8764617,8652938
4028066,3914232
4428478,4251842
4611981,4108519
9071228,8948384
4067202,3946250
4100560,3983275
8400744,3936424
4078212,3854679
4497312,4341174
8925654,8807652
4296404,4171754
7535477,3967170
8667907,8437001
4309937,4159975
4006173,3893997
8467027,8349260
4140836,4024992
4564846,4423082
9296790,9059987
5932738,3932204
5203677,5089744
9534393,3947958
4549533,4223402
4002148,3876952
4234657,4123545
4135074,4002503
4349305,4208095
8982288,8709037
4231786,4111111
4073105,3955853
4094719,3973127
4319868,4073166
4387620,4236548
8883610,4087147
4146156,4030500
4201920,3979413
4090497,3977821
3964816,3846531
3994808,3869139
4116732,3896705
4218937,4079667
4053384,3938564
4504203,4290451
4482116,4172736
4236286,4084791
4051413,3927617
4230447,4098774
4131604,3895853
4507031,4343021
4139111,4009138
4112744,3985397
4076377,3866379
4207491,4092182
4088693,3975934
8175223,7929119
7712226,7480767
5745953,5472368
10069843,3911176
7903401,7787027
4994133,4759309
8068728,3908437
8495479,8331077
9190097,8037304
10513737,10249565
8360862,8225706
9078673,6922915
8574814,8310869
9112309,6410801
8251319,8118443
8676720,6783907
7868226,5658438
8737798,8501320
8421903,8231832
8743978,6416152
7620382,3936551
8533000,8281698
6328000,6096478
8523372,7044401
7683333,7572822
5262895,5032386
6578583,6442811
8695154,8562389
7778148,7572139
8778558,7217062
5066207,4734862
8305193,8164636
5198210,4959542
5360771,5232505
9256334,9097045
10834785,5125401
4254419,4121223
8519862,3881731
4189304,4073092
4671691,4563799
4225792,4007201
10501633,10344302
6768289,6642919
4299795,4167878
4187125,3974539
9286726,6492924
8540194,4607635
9267821,9068638
7028471,6789033
7588911,7421858
8481571,7121094
6910430,6621727
10128131,7096909
7770474,7634972
6729891,6580908
4243779,3981166
4789069,4632176
4160803,3945660
7076804,3810470
12929667,8276350
4343567,4113182
4096921,3892947
8493060,3934928
5763743,5590566
10062411,5424138
8466878,8215530
9055946,5113006
4041218,3921100
8396052,3880637
4879298,4249626
4196053,4051731
5473701,5314135
3959041,3848569
4349375,4137851
13355101,13077084
7510122,6019153
5191412,3967072
9592780,9465752
4152736,4021055
8631026,8506457
7945773,7834608
6745891,6626365
6585223,3829945
10018276,9810627
4057944,3944683
4115240,4010591
8878878,8678881
9848094,9096379
6574983,6395962
7713903,5044864
4216370,4082616
4227551,4108594
7534512,4423700
3991469,3869353
4147671,4021505
4499868,4343758
5964722,3939370
11594052,7869190
14860100,14741916
4185076,3943465
9238488,4575485
4173521,4038446
4329655,4160867
4125880,4007858
4104539,3960826
4000087,3890564
4230291,4113731
4109198,3993747
4218318,4081524
4389317,4258534
4157031,4042310
4013471,3895378
11978523,11855985
6516958,6397776
10083620,8160262
10519057,5594958
4167704,4054230
8740298,8603879
6531594,6409851
8642022,6759440
8198022,8078531
8693902,5365206
7437960,7281305
8664157,6961714
3936143,3837067
8193636,3835028
4100934,3968419
4220566,4070706
4137525,3992578
4083949,3967455
4760661,4575530
4109316,3852848
4325390,4176914
8914945,4138018
4528967,4342893
4027617,3910503
4096216,3984778
4340529,4162796
4091409,3900107
8825944,8575694
4364165,4177122
4028295,3919549
6031717,5810442
8838278,4667853
4395587,4257424
8910529,4023253
4165380,3890582
4040005,3928219
4287561,4150413
4127450,4008471
4403524,4131019
9072043,3985930
4056648,3944964
8795748,8437386
6780091,6563584
7702093,7459633
8326817,8119113
8685197,6710362
8470381,8213465
9175775,6244282
8196662,8094517
8690001,6144437
7414048,7194154
9306001,8176411
4235202,4068657
3945108,3836874
4217839,3997536
4459661,4170975
4119062,3997384
4618229,4485781
4205856,3970111
4096555,3901270
4029846,3908785
4155277,4031514
4239661,4008876
4200819,3975856
4312943,4171710
4030888,3918742
4301124,4079067
4259654,4030557
4149806,4043214
4110100,3998248
4181059,3931309
4224936,3997483
4169015,4023152
4242839,4108231
4322950,4053554
4128059,3911139
4039311,3931670
4234258,4100174
4264063,4000988
4341979,4076731
4076329,3964394
4133560,3999830
4459269,4218351
4326577,4096417
4364397,4202984
4126510,3991360
4358778,4096411
4531467,4259623
3819292,3701526
4085646,3950989
4273374,4010451
4330958,4078348
4079862,3959672
4963791,4816758
4305510,4063919
3960790,3762307
4218810,4081250
4036181,3918215
4359918,4096441
4393413,4166050
5666049,5444052
4005183,3895154
4373829,4136346
4609872,3937782
4160188,3976071
4819419,4336016
4252704,4017238
8733269,3872878
4050696,3927122
4260174,3975343
4133078,3920168
4197057,3969932
4279898,4106578
4303461,4185504
4552768,4227510
4294852,4055387
5635472,5346733
4313178,4110344
4694408,4300812
4231974,4019141
4047426,3925106
4197427,4050928
4233740,4072201
8973543,8740162
4206147,3960079
4043422,3851130
4128440,4007489
4200549,4092499
4237038,4101259
5331241,5052708
4287206,4053592
4367745,4124196
8999723,8753956
4168048,3990680
5509451,5391339
10089228,9942076
4049046,3934321
8510046,8372674
7165817,7015661
8301814,8095850
8139256,8028037
8024055,7886826
4133511,4035070
8551192,8410911
5917415,5789789
7723635,7598954
6236892,6122222
6375706,6273304
7576829,7339183
8305957,8067611
4256406,4135083
8823357,8648107
8378335,8132213
8335142,4544585
5567985,5396382
8154460,8040767
4464877,4156770
4090779,3872872
4225739,4080314
4113356,3995933
4127309,3913697
4143694,3939085
3865730,3745494
4160540,4052487
4204319,3980787
8972382,8774355
4153031,4040659
9014054,8837880
4457157,4212509
4133996,3862522
4187222,4048526
4109541,3989576
4336331,4118321
4145287,3932669
4504660,4333222
4069334,3939911
4317777,3971114
4040047,3826840
4231695,4109241
8818181,8691469
8156608,7931171
5278121,5046244
8150367,8024428
9656446,9470659
8129834,7901512
8483059,8246522
6612215,3869560
8694945,8559849
8270428,8052987
9362468,6350951
4026512,3903876
8640277,8526779
10313678,9954623
5129889,4878210
4678964,4489856
4610031,4364387
5166972,4991225
4314273,3884669
4034351,3910899
13885535,13669420
8754163,6520730
5858600,5631634
4275584,4130286
8730248,8615631
4221655,3982041
3821793,3716937
4334602,4142888
4104299,3956359
11709693,7197433
8248012,8022851
4205483,4082798
4152782,4038649
8815169,8674301
4266905,4019544
4195236,4040318
10235508,10035767
8060486,7896599
7088338,6841207
8331242,8220866
9595040,9380915
4194245,4062161
4053778,3938033
4130883,3899466
13900121,13773472
7857278,6685266
4473559,4308768
4065986,3848541
8590533,8461015
5400742,5282606
9973603,9822093
8004783,7366467
5919684,5786459
5635165,5422176
7051913,6899499
4210594,4076957
4308329,4073202
8981277,8845042
4123199,3901631
8989200,8846982
4013498,3908425
9148358,8927963
6604517,6484715
4076017,3928224
8755990,8587451
8098189,7975993
8471411,5660118
4302031,4069433
4342701,4233264
4699920,4588176
4071853,3965912
4330952,4186169
8805642,8693407
4149350,4040534
12504846,12266940
16903344,16782385
4759132,4541129
9411693,8013634
4142923,4022532
4379088,4134314
3913212,3799986
4145393,4013043
3979881,3871822
3948868,3836643
4021006,3907249
3985710,3874374
4065203,3943728
4034232,3911679
3992856,3882483
4290886,4125671
8766526,8649458
4039731,3901122
8625420,8475811
7470323,7210442
8529477,5549173
7218530,7076892
6670442,6549101
6942370,6701794
8481651,8345514
4688521,4446399
5166085,4974411
5245101,3994554
4118014,3908477
4208957,4050369
4308471,4161113
12401506,12295055
6906658,6764832
4214979,4013808
3808065,3693936
4362378,4134594
8906323,8787825
4325056,4178660
9316083,8318842
10203938,5074202
4558414,4299254
6658605,6522065
8731301,5134376
4027102,3852480
5408995,5183002
10160060,10019792
4263124,4061115
4924945,4680555
4087371,3876678
4078398,3967993
4510240,4197685
4125803,3995130
7738100,4177698
4179519,4030041
4216260,4003073
4009756,3898744
4164726,3936952
3970661,3849970
4464203,4133106
4290268,4140004
4486214,4227681
4972047,4790954
4168146,3951358
7802729,7662870
8494279,8286939
4619439,4441183
8105985,3741054
3980160,3865414
4245403,4020004
4176059,4022514
4172615,3954123
4019611,3893999
4176132,3955382
4013033,3814400
4170947,3914806
4191302,4067973
4131489,3918068
4034124,3915361
4281344,4036337
4197596,4075329
5198461,4904423
4330587,4198804
4441416,4197180
4021065,3898578
5927628,5781799
8924339,8708829
4063305,3830752
4058382,3947131
4270079,4123324
4305903,4066332
4375427,4122658
4564636,4370005
4294520,4133878
4277428,4057015
4200234,3948063
4114748,3969847
6147325,5941260
4496764,4185134
4302070,4080352
4457709,4322882
4131058,4015049
4341460,4063665
4170747,3958105
4199107,4077124
4250491,4097768
4238190,4017265
8981752,8723042
4785722,4326360
4410077,4273594
4484085,4221261
4519847,4086336
4167885,4032612
4099401,3969005
4165963,3897799
4294844,3923866
3930026,3823111
4107673,3991028
4308265,4059764
4164001,3823449
4135084,3990998
4235189,4110901
4481507,4252242
4118785,3900225
4131680,3986862
4394483,4155835
4657144,4312469
4210662,3983853
3996725,3883899
4179120,3953351
9537458,9367893
4133111,3915581
4205091,4067821
4254906,3885321
5236779,4963202
4638273,4026602
9593345,9320440
4513642,4279409
9109325,8866946
7546236,7309714
5027095,4824467
4487335,4225919
4136612,3848898
4324655,4115728
4983100,4689134
4548210,4329878
4215639,4076209
4136815,3917297
4053090,3838683
4405408,4126231
4383697,4244681
4377554,4138041
4124975,3904997
4928412,4577721
5073841,4960175
4433947,4132359
4275799,4045102
4645060,4032133
4694570,4069067
4107869,3990617
4253406,4103740
5228519,4936979
4206387,4065558
8740799,8418488
4471796,4316653
4211037,4073529
4693593,4467150
4162227,4003225
4221009,4014142
4110244,3891037
4437638,4283269
4153732,3925131
4340047,4203672
4795656,4559057
5715325,5515976
3976665,3867707
4261912,3998357
4298254,4141071
3998437,3869252
8448016,8231877
4151536,4016315
4295488,4041739
3993668,3868612
4208473,4071802
4389140,4151468
4140399,4019334
4333498,4180860
8913517,8675766
4232549,4096871
4211699,3998552
8920858,4182848
4006163,3880003
4410541,4266800
9016995,8774256
4097020,3855356
4108815,3990475
8607480,8461637
4045972,3915586
4290128,4068603
4058856,3847839
3946000,3827023
4075010,3952348
10822967,10645567
4975549,4744667
4324086,4082520
4075383,3960884
8450618,8327417
4546402,4395561
