5334984,4491957
4463775,4297959
4619581,4310298
8214499,8072885
7360083,3986161
4470471,3952183
4194071,4071490
8108545,7951326
7309792,7136994
9041559,7207420
11103336,9024493
4259274,4032062
7585369,7288575
8259299,8107326
4202358,3981206
8412251,8138666
5651884,5520663
9456259,4164050
4742223,4083646
11198715,4914398
6455553,4071663
10710972,4461213
5697977,5528466
9155371,9029870
13684028,13520050
14609902,4275269
5489883,5360864
9737247,9522200
6280347,4966119
17726478,17181527
4217741,4083142
15930646,7596734
20992281,20701903
15714575,11006765
20711862,16141761
15799082,11022711
14910962,11074500
15763409,11100710
8346435,4429703
9321318,7700479
4266665,4085150
4429840,3933931
4142332,4004170
8568975,8433031
16548859,16435231
18119779,17994706
9756210,8362717
5936874,5628519
4024557,3890570
9503102,9381368
16180001,16046860
16850565,14038962
4026860,3899036
3998926,3873027
7923446,7738224
8052736,7936591
12731717,12605885
20829652,20697204
4072085,3948460
9564697,9357265
8096016,7903706
13766005,13514036
15008557,14881965
28851483,16247490
17673830,14074364
19392868,11348832
25392909,8236027
7239762,6662428
8327525,8137642
12737881,12513014
11344672,4702757
18504116,12752419
21040178,18458249
17151413,12129160
8312092,7587522
11662278,11150316
14481548,13518358
4182327,4036170
11172906,11050316
19708815,19463455
25808131,25415544
32900093,31403907
18420897,13780703
14053392,13922043
10178162,7318299
7758549,7622906
8107151,7924408
7886482,7762034
12317158,12134079
19775404,19636201
15334178,15167830
4140716,4024813
32718919,32542423
29453174,9094806
14875712,6713350
12065483,11872399
14790944,14664295
25070025,24950502
20634055,20513444
24036026,23423746
15902633,15762297
13571819,11981274
21194376,10778913
19619651,7562673
6271879,5143203
7951364,4099933
19214850,16813717
12046590,11886060
16027915,15894781
30510668,28022931
31522539,29082531
32483519,29914602
16381260,4009714
33403472,16093111
18193793,8777938
4213765,4061921
5922509,5752881
16623721,16482955
20414714,20239307
24965988,24845197
19284799,19079966
25798921,25670194
18753744,10539677
42734219,42589218
15750489,11759834
34239344,11433113
10161498,7915064
16541673,7996709
27749276,18697708
21131592,13190074
38966406,32009113
49103116,48434220
57447928,54973317
60553844,55199816
36015128,13112564
67851333,7258534
14084792,7851917
29202197,23905284
19842360,8976662
22632755,19483977
55322853,31028890
105242837,43234682
63014314,46305786
11957950,5115275
56423654,12452291
55488597,6030165
24411556,3850236
42670075,13323851
92161469,75617035
23289011,7780730
60943127,20706395
19715988,11445289
5953657,5807131
8050883,7862068
33507192,33369955
21096147,20963698
50022227,34369678
7878310,7720658
8630223,8426797
46519597,36316379
39277692,22103723
27442588,19020611
5170147,3965434
10162107,9998755
3908486,3790713
20800750,14583916
9965503,9842367
6285560,6134918
7888616,7766433
21788052,21631208
20790752,20575423
27766847,27586168
44325698,42853922
30601580,30473034
9079935,3941620
10943580,9925548
6413477,3796526
20951949,11638650
8983707,5554274
5824956,5688745
8013811,7886584
21292181,21170478
20525617,20361250
25972466,25790544
34122900,29936463
14822149,3909434
38227832,31740975
17450574,4549450
19852019,13187318
6775958,6565711
11476263,11354319
12239626,12119629
27307751,24667745
30082531,28094652
28024098,27912043
15243422,10170671
23224769,17779224
18385182,18223892
13057793,11481616
15860076,15729286
12496346,12374992
9089585,8923392
24024942,23871736
25691115,25572631
31549573,25220589
18076545,15045157
14342654,14228350
15892024,12536502
17329623,17197782
4187377,4006893
25307648,25113398
23480514,23122182
44451665,44326864
24957931,24142754
25954143,25817131
45580491,42346566
42804215,36593797
47040237,46920232
16003505,9264937
40082057,31179393
20096699,19891128
27630032,27002925
26425976,26298810
24277940,24052827
31250667,31051931
38058013,37927053
43959891,43831389
40417218,39759965
34189768,34046678
41410976,24340805
4806559,3903298
8688213,8490593
13181461,13029251
20101885,19981740
25119746,25003821
32317140,32151391
35315259,35190390
42457527,42335879
32734972,32495438
45403853,45135763
4027457,3906092
4013629,3896992
4545168,4425824
6832698,6497341
19245728,19067856
16127349,15967554
16603589,16390792
24276033,24111971
10786567,3910176
40466317,40274084
47624404,44203564
26153701,16102832
23082468,12039853
12009995,7870591
21211980,15795551
22747051,14746304
14435188,9161703
31823044,25223669
69789191,67941908
45363802,38797838
67976148,67784161
48198188,6772195
38757629,17555643
70656044,24447929
5381754,5207599
10724027,10157854
40717531,37849608
71226453,42165647
54773590,44661687
4562323,4041062
34455598,24747029
34412489,15170972
29682622,14407564
4802951,4679837
14505512,8340435
4130717,4009765
8619600,8502054
15001013,14893252
23513221,23350555
21387337,21265428
11077514,5614921
21467804,14038314
38190956,38081135
17537983,3849713
17895683,17526036
4370202,4203915
16655659,13618083
20301307,20179378
23526343,23412705
18394427,18280732
10807644,9250359
11490888,4356842
16311669,16060161
41985046,22889528
21101412,16943895
4264623,4048511
4266287,4115111
23516166,23345468
25793439,25674018
10017444,7891732
34411373,32787360
33565018,24282353
28686707,7968734
7554087,4008436
26709764,21064288
22572486,12869929
8859144,8743015
8000810,7878856
10562647,10454546
5256516,5140871
4144823,3992212
18173004,18024071
15057743,14913721
23627407,23507505
14971276,3867832
40642046,40018549
36796888,36683481
16407498,12387426
43994034,43889987
4182929,4066264
4182255,4047455
8055673,7935848
16067674,15939501
10609653,10487672
26484811,26366950
29407083,29291369
18819756,18693870
24790261,24617975
41071770,40958439
14260949,10723369
15742949,9517105
6471572,6144821
20606333,20287614
24259405,24098423
13071261,12905953
31057879,30932205
37204065,37098687
25630773,25483789
46654534,45600359
30705819,11429634
19302076,19154141
5101842,4022935
4253919,4099020
12626404,12518488
17912841,17774788
25271660,25168803
19099436,18989825
23552253,23434065
6644230,6329511
16254155,10880508
22865386,11611219
25738047,25581118
26994028,26886263
29502097,29389118
20184592,20069241
18767724,18450697
43949786,43838048
34671105,34564479
31202540,31092005
28423941,28232934
45461293,45354562
6006710,3913418
8308313,8203392
8305404,7734622
6853095,6727093
10452056,10291958
12786273,12597629
24240698,23954996
9333304,8809776
26882240,26570432
29418813,15966053
20657290,20540924
50738454,49829213
36461799,20380333
27168285,16909280
4067961,3937563
23233636,15238043
27806333,21560548
16550250,16139322
17706954,17566215
8135778,8026373
4054845,3941006
12291612,12132021
15680099,15568071
15588676,12734459
19716713,19535677
19331757,18976738
28204421,28087751
33066112,32952681
23348139,23122547
42342944,42180201
33559718,33396325
26234517,26113130
39039492,38720755
32392085,32200992
4157529,4041073
4360836,4207348
8680735,8568772
4083962,3975122
6745177,6439089
20592489,20407078
23681779,23359938
28893430,28776995
36499378,36317599
26340238,26172119
42690150,42408666
41782362,41301322
42635716,42224777
37827827,37274893
4141654,4021479
12132287,12018150
19397741,19273027
18119074,18008495
15261138,15145490
10348946,4663213
8384821,8242688
13647714,13362573
14934958,12963522
17680156,6288624
4171493,4034828
6382136,6090082
9815536,9657623
11382609,11221962
18999169,18891098
21835517,21697731
5609018,4948447
13460410,12930475
16692486,16301335
17748824,17522901
21903902,21630412
8047503,7707709
5425884,5303066
17933385,17814450
27937817,27782872
13501824,13385371
39044264,27950154
33351127,32845268
44407695,40444140
44891884,44756756
23899274,6466151
8146683,8024738
8319346,8200715
12732188,9154729
4344511,4173170
4310322,4201292
8786464,8468301
11539749,11381709
9970273,9854685
20118093,19972003
4566559,3926013
6230070,5949371
34770397,17946157
12297880,12149641
20384108,19015329
17159582,3811589
11784129,11323771
15699697,15259266
11929093,11816217
20884662,20646249
22402927,5043279
6936472,6826320
12123856,3840539
11771708,11621626
7656678,3796157
13887064,8044814
4184465,4031491
7392032,7082349
17824632,17651195
10872025,10551060
25242693,21288921
9746302,9630738
12890965,12780447
9609879,9495458
39331141,26885222
20653585,12876321
25296578,22320111
3956059,3828753
7101222,6962278
8590071,8290253
24355184,24254620
16306719,16196061
19429816,17997393
4508921,4355860
4081867,3965378
11229069,10933571
12088415,11969623
20082782,19804643
30377019,30226674
23059627,22911992
27519090,27385216
41547317,41433503
4029084,3922235
39939317,16002772
28861509,13048629
10365737,10262087
8742810,8451845
21612619,21288761
22141467,21680930
21886498,21724836
31448041,31342428
23144907,22976739
32923594,32588558
43849534,43710789
17216150,11941423
18717229,14137882
7361967,7248433
14952951,14841110
12273478,12126497
17384608,17262368
16044882,15853276
21070879,20732342
22232631,22117588
29314063,4017710
24074109,23965704
36870924,27456191
9834930,3831394
17947805,12803794
14920537,14799482
17751417,4226103
6428963,5995900
12413378,12193399
21661201,21505243
19377929,19177234
4126111,4006674
14778626,14663642
17475792,17337258
39385093,38894720
23337462,22144980
20658249,20351265
4203395,4086813
8855585,8477197
12818572,12627729
23701255,23531461
28525675,28416063
20012326,19897679
29372682,29247888
36211102,36095294
42298237,42106204
40832702,40681690
34156827,33642935
15665083,5586247
29443713,27628941
32682600,32519538
26298078,22219307
29920654,21927629
33071665,28074711
34412395,33694375
44821301,44687551
44243574,44105052
48666922,48505212
23122457,14666731
11057435,10897477
27271282,27083040
24234938,23998257
27471373,27301178
23745519,23261586
33799434,33517707
40240353,40105888
35320290,32179126
46374320,46216635
4144870,4023815
4230729,4099029
3981925,3860364
8321923,8209440
3961978,3741969
11649688,11090819
19851602,19329897
26462914,26316665
38395163,37536739
42129547,41984677
48027854,47280768
50592802,50312035
58643269,57614908
59679498,59451185
36875078,4578674
13362414,10084079
4405673,4263210
14526086,12115846
13691870,7459434
39900424,32095899
55997777,47955178
62751099,60260979
56303551,48236173
54890040,48507673
20915892,14355434
52090297,19271937
36802614,27057569
90905968,34917555
65254102,34774704
31258685,8608220
4233419,4095273
8130601,4017195
10670981,7318617
26943779,23778259
24077777,16569693
15869961,7792124
47117553,45252609
47480082,42920569
62820935,59161320
51656665,17024358
28290461,4780875
33032805,16135686
31913473,23989405
40227365,32038600
65039782,38185507
37571517,9712274
30808933,17807876
53845666,25685126
54402107,41471287
85634005,47022621
45334896,21033167
25910849,14433560
53005967,23951577
5472414,5327609
65167630,27915151
30634336,29033059
32145802,28117872
24700057,19013978
23632914,8150484
6467165,6352857
10868747,8219190
4762858,4575372
17133962,16966118
26330111,24079821
33871889,29220450
32608616,30767718
34236184,32529809
39928698,37797366
40448733,38397923
40621024,38779555
38840360,6554538
11063525,10886334
10232109,10091725
7602990,7491905
4289956,4141599
5956909,5645202
12597997,12430423
12755034,12576241
17411388,17122912
21993305,4161251
11834323,11527907
14236795,14090877
20801249,20551086
15900957,15775279
18780655,18626616
4042950,3928331
12204760,12083739
4102783,3985112
8567614,8411569
9851873,3925972
26589112,22149068
28032739,27927985
24951102,15935929
16868307,14990453
4038050,3929816
6328929,6039921
12049284,11937759
12449732,12276966
17003085,4585903
10039067,9938624
12120359,11765955
12052718,11925770
18534810,18265780
21983848,21841791
9703240,4267932
13907112,13748904
18819961,3849133
20349548,20048460
21219510,18256406
4278777,4138155
4195356,3947400
5802898,5531009
8308682,8166167
4056064,3934135
4116376,3982203
16110041,15941520
31803992,31591942
15770991,5337108
25286619,24793258
4875621,4015970
3857084,3742694
12600245,12414619
12121460,12006744
14183403,14060672
23322229,22983491
20242221,20084178
26902529,26767034
30263507,29766234
35198139,34965395
10499328,7776547
12229559,12121046
9936597,9831046
5115836,4650160
5866829,5430213
16770096,16594760
12247389,12080366
27705630,27378558
4327018,4214853
4333084,4179635
51230016,25838988
53396010,53185279
54416505,32376913
12979099,12771520
26561113,26454598
50137349,28056187
19264766,3908944
4341440,4100480
4610206,4369601
4038296,3910031
16608242,16488972
18796183,18614815
31934768,31563201
15524376,15401597
30690203,30263433
46610308,17649899
45553362,17968198
20738359,12642571
13466758,11997615
7521617,3767642
46244746,28345765
8591301,8464135
3993640,3885757
18197760,17978740
8647227,8513542
4089219,3979983
12649465,12413289
7218833,5688381
4225610,4116982
5265748,5048231
9520706,9146466
16018877,15875550
20915930,20778299
20928173,20448621
3948081,3812820
12350521,12194532
15364496,10874180
15675603,15522189
4182331,4055246
8633421,8522476
16522703,16357764
38247061,21464917
21311381,21200116
25283844,25145193
48226145,31478644
8261176,8091142
8735249,5162742
9201139,9070076
12715329,12547480
14666519,14363277
18409163,18248809
9939560,3943119
14616017,13828104
40494213,40370159
40065309,39937396
16214784,16055588
22361886,19101511
10614014,10494197
17919531,17758364
22764863,22654988
24779434,22797707
31218037,31082797
33004076,32682410
47331060,46964536
33751874,33593099
45399336,45089727
38610653,38295020
4235874,4089699
8289776,4190505
20214440,20043119
29513316,28935574
31726426,31312616
29684977,29407067
17316909,17181224
29048880,28931286
22874959,22739755
32754747,32557286
40850033,12007928
17175335,5660761
4265404,4047779
4755981,4475495
9034814,8914870
26873439,26758499
30548571,30380421
18693536,18526050
31820530,31712056
27990480,27883352
17020557,7817712
42893528,15656822
18156536,9257843
5040953,3787063
8601780,8430586
15720883,15466373
4792920,4647329
9923455,9757637
13982184,13809041
16036968,15886459
23260260,23107045
17627638,17330113
26716812,22315277
16138821,16019383
20043238,18008182
19390894,19271244
34808351,34710370
30091307,29923481
35302459,35182949
25774316,25646769
38880310,38778388
43871701,43762023
29540237,29387765
3954790,3834510
4121862,4008079
13484985,13086072
17498323,17235068
26395517,26080169
23319342,23150140
33973585,33849259
33492327,33322618
41752809,41212313
42845425,42718678
24040075,9229937
20870309,6471539
4091987,3957962
15023938,14813954
21887628,21730957
28145147,28032937
28003073,27874943
40726978,40574014
35908269,35619226
42076057,41933198
43644667,23955696
9154894,8305708
51608720,16287966
7830183,7684717
4054015,3930575
34754021,28672273
20868252,20748309
16676153,16567497
14973327,14862257
20744941,20484775
28180681,28042016
4164833,4048356
9135630,4055894
12870760,12763516
6658735,6277570
18155337,17818011
20971862,20517239
24475317,24296114
29459166,8035963
34678931,34548480
30731485,30455201
30726737,30607995
30550768,4248906
43920934,13430949
4065675,3950204
10176496,9886854
15991035,15544539
20088091,19773209
22374615,22220533
27677816,26616629
31800375,31184653
36209449,36092570
37129986,36435324
39436610,38617992
43322723,4827508
22456513,22322380
24063396,23947489
22754387,22647854
20271349,20135258
36078159,35970709
40493513,40369790
21447779,21319634
32429391,32210724
24981770,24869339
44262613,44148713
34588129,34425744
24035342,23786486
30694413,30582628
30829501,30687872
21229034,21111303
39909679,39695458
35439963,35325507
33491518,33378651
30119239,29671477
44423030,14030112
4144777,4023840
4280121,4072542
7060794,6390956
20038605,19802881
33143728,3943314
27759941,27255788
32190815,32047338
31739904,31353262
43909541,43758537
34039787,5614856
4058507,3951969
10091718,5708683
8764262,6198767
5121017,4956654
4987812,4813443
23553907,19373085
23498292,22527231
36309312,31415919
32984961,28954594
40017704,35552048
35758446,31187890
39954466,35603505
40212222,35751539
39423281,9996085
9379976,7729307
5592341,5312294
10462155,10285910
17447189,17303791
28226024,28080797
28576890,28440225
24738352,24592071
42197662,41985836
34534137,34423802
38336008,38222617
43066612,42958128
11766861,11659455
8027049,7918982
10220390,10075530
10556867,10414076
12578599,12462654
17178388,17066524
40971503,40724050
30355324,30247737
30571289,27642524
40235454,40064079
7146250,4721283
5574864,4291132
4370225,4066100
4235846,4120194
27922647,27720940
29301166,29008355
39442982,35194478
34638732,34510670
29082245,28972528
27980005,27872545
31004586,30877153
20902504,3998692
3808297,3707705
3938563,3841989
8065949,7943483
8036086,7898073
26626866,26484091
28765223,28662630
13696089,13489143
33951631,33827133
37558949,8469722
44531379,44304657
27747707,8286602
4070101,3923169
8516079,8415270
4097968,3982831
11241139,9207655
10687384,10577481
8136423,7989657
12375697,12260244
19235473,19100370
22749357,22639890
21102725,20910703
8262174,7013018
7970514,7864873
19649832,3849724
17532146,16883710
23194801,23086993
17626845,3890731
17750270,17633658
17886502,17729353
21227354,21118667
20781202,14947194
6930803,3819268
6726141,6447502
8284099,8144983
12716812,12550307
4252363,4111687
4021772,3909039
3911298,3785347
21036669,20926402
14387229,14278873
17556082,17447102
4089954,3987656
12450765,12042652
32880351,32763410
22544378,18579465
21895503,17740891
16324243,16165023
20627584,20503777
28159931,28033506
30508574,30309518
40572984,40436550
31789225,31509884
38443495,38312222
31617101,31500212
27022493,26909040
43874032,43754697
8413678,8314889
10414355,10034728
14381397,14004243
30078968,29945963
22079310,21912317
22783995,22642821
32340006,32204061
30774961,30435186
47579890,47443453
4075344,3944061
42645645,14212456
16787175,10603300
4124288,3993090
7213088,7063054
12593811,12383199
12061125,10826630
4126278,4010808
4153511,4016282
12535145,12435490
9243457,9118407
4212389,4098589
35642643,22761876
15556987,15451962
4298157,4184715
14830834,3843160
42037552,12600176
52057032,42387403
36539179,28397157
29942607,22215902
21673692,21541877
9918858,9791809
12020618,11909560
8940664,4731315
20137761,20026852
21429658,21310482
7263695,7162187
15784966,3934416
7514095,7378115
27472553,27341788
11719959,11604109
33849832,33641063
33507881,25876875
17230723,8262523
20320919,5142556
8196778,8090844
4244543,4093757
8060459,7941637
34094512,32288899
37101809,36946418
18105419,17991084
25378648,25099623
16979288,16733232
33981071,33849370
26507812,6495937
4479095,4273151
6040790,5697407
9382542,9092579
14169669,13958841
18280405,18138698
20111428,19996452
24706700,24544658
30107220,29936978
34576895,34457853
5583836,5427736
8067637,7939890
13579324,13396506
8351571,8201393
15232902,15116869
20586217,19635343
18256049,18097876
23224365,22912251
26956989,26764666
4267563,4162591
6921893,3992432
16639946,16525624
17022831,7418101
5623971,5470660
7944378,7803451
15685351,15573902
20000347,19862334
25984399,25817468
33313189,33206890
33082192,14932260
7992940,7870901
10920612,4787094
4402013,4292957
4059677,3903791
10131641,10007818
12555052,9132495
4476965,4026905
12478165,12298306
16848899,16749051
19526151,19174374
23110172,3858485
29241177,23352587
30230857,8579063
8502146,6657483
10997873,10848404
9868648,9744990
17147269,16999512
4885389,4095204
7884892,7724710
11855032,11736571
20118059,19989676
16196048,16086459
17732721,17621398
4050757,3922141
13632293,13525653
16310970,16143427
23403667,23235876
24423432,24216821
22662224,19386469
4161383,4031296
4488772,4200714
12263368,12113644
16397782,16238338
29607422,25040477
26770161,26660762
26431079,26150684
31191757,30182979
41160615,41017333
4355825,4251979
45637588,13366639
9154871,9043490
5971953,5824089
7733032,7615334
4148483,4011332
6530672,6229518
11743211,11633051
11961545,11807488
13846256,13698925
16320603,16167283
15105631,14956331
20897464,20548947
25744716,20015957
27151348,5256538
12815437,12684467
13175351,13021815
11454036,11344339
22549055,22418464
16455608,16330418
3995913,3886334
30732460,30559427
3965161,3820643
13235136,8986101
9072616,5274430
4526722,4355072
9234414,8785453
19834812,19513011
26892712,26615570
37208370,37094007
37434350,37202984
37541237,37204144
41536889,41330410
55768355,55605686
57044395,21375245
20859118,13974258
22293698,10747722
7682817,7545034
3969524,3860931
4186604,4077831
12958389,12824932
14859279,6855657
18132824,17976418
11866795,11740638
18787901,18670936
25854507,25719092
14626245,14474023
26998330,26884428
41045254,40918335
33149197,32936919
41953626,41461171
19242917,5972920
4120197,4014442
6519064,6165733
24550251,24426460
30945664,30803895
34691025,34584971
20508206,20368800
21953531,21846999
24106419,23943834
41120112,40997410
28149772,4656208
4006405,3890754
12334453,12217080
8099627,6903290
5886272,5772565
4039267,3920034
6107380,5820423
22630338,22481251
14545112,14377446
4049287,3933946
13720348,10892010
47849395,47739479
15820422,15723857
37539351,25368260
18964906,18848413
44050626,23275380
4051052,3929973
4064016,3953710
3942329,3817191
15436579,15316794
5803241,5591393
12526287,12378041
13893969,12883945
14969423,7900775
19518530,19405652
20460455,20059631
33163016,33058821
27373186,27125376
41051789,40863249
43135990,43010818
16159363,12037222
16209090,5244016
15734616,12122003
7832995,7717490
11190728,11044597
19309857,19023564
30492257,30350868
32461707,32249414
24782259,24655448
32007836,31854857
42825427,3993363
30399823,30284906
43516918,43410843
4932719,4630120
9237161,9118578
12107763,11945262
25399324,25293513
26389669,26274066
34715825,34594081
38950444,38839706
26440241,26302665
32542373,32437101
36837173,36731305
4036284,3921169
11360139,11245628
6224549,6111566
4862117,4557575
8157132,8055279
12741245,12578897
23998808,23892228
28931589,28815009
23719181,23570926
24373584,24051290
8872871,3958667
7487843,3828936
8215454,8112188
4164789,4065387
6660420,6344126
8356238,8181605
14675671,14554212
19029287,16913115
11806090,11636752
16094348,15958974
23581720,23336724
14879663,14758853
18973885,12006070
24061707,23954021
4088365,3967640
8583915,8477022
12968078,12859214
10772721,3898478
4348980,4206457
6014104,5573223
10017928,9713808
14530237,14432659
16250017,16036973
21265445,4012086
4141223,3999081
5746898,5533467
16820708,16696396
13389080,12626925
7541741,7213707
16453063,16291840
19970020,19683047
23886271,23750999
22218253,22101149
20455259,20272953
30534054,30426185
6314945,6208224
10584928,10475262
10251483,10142670
4402054,4211028
18031319,17886515
24368721,24038847
27975565,27527543
25089687,24960054
22449253,22313357
31475046,31337517
35318408,35189447
39631888,39349189
41079352,6184348
4027550,3817511
8181281,3784446
29478930,29266534
30242592,29880929
38265561,38116324
32643045,32528963
39163385,39032798
33406391,32885839
11921666,11809398
16257764,16094155
42972932,22771938
44296572,18946316
4060371,3939527
4245218,4119021
7473480,7161561
11437527,10988319
20084561,19924781
20478514,20252572
24355065,24016135
6227885,6127616
4020216,3899586
43884835,22397565
19846463,19740184
23056317,22889251
13339147,13209165
16302361,3864039
32911976,16166824
18262823,12901741
17072382,9273061
4137151,3999304
13760930,13424033
18680140,17708863
26713274,25962478
30768913,30167469
34069123,33511670
36566411,36102975
40480079,40104231
40914130,40676856
42046958,41630948
44985774,44823059
4236278,4077856
16167115,15980080
13093212,12973218
12880321,12762777
4019296,3922005
4067367,3964084
3974692,3837602
9259926,9135956
16456289,16339510
17814141,17668042
13986125,13840666
38264230,38154442
23675993,23557445
34310741,34204526
40787848,8006124
47918496,14236115
15646842,6599006
12396906,12253411
8221193,8109031
17878640,17524057
16573292,16421696
25489794,23049701
30459125,30348177
28350628,28202025
4256262,4113261
22285328,11473729
19335373,11398062
4000919,3894697
6225567,6122085
11502127,3811865
11146715,11024016
4071685,3940749
8608153,8462134
17213586,17082633
20054174,19933594
24272959,24084814
26101936,4981991
4127280,3968092
4037658,3890565
8337403,3957014
4097635,3969542
15531203,15423286
23398075,19977825
16125625,16010568
15101643,14993890
23597797,4428594
14785543,14310955
11853555,11743530
14204869,14067089
27719492,27612205
24677256,24487694
18074325,17955530
26281437,25967954
14423589,8157135
16294237,10648615
14942286,11981150
12050744,11932713
16051717,15927712
28753075,28448436
30285494,30100600
36413717,36299456
18242046,18138791
34429944,34093809
34100547,33668430
35725917,35568101
17715530,4907713
4037352,3917780
8690872,8515211
5891721,5402730
22743848,3929634
29390380,29251253
29414361,29070157
34601545,3982860
34894132,34608186
35268374,34595652
36538286,36215030
14459441,4840700
3934319,3828033
4045214,3888500
5381190,5098646
12227233,12112971
21102178,20985615
21261447,21118426
20350434,20209224
20532190,20373139
30270543,30140115
4736165,4576181
12797991,12609410
10750119,10609488
4184925,4074524
4805728,4442793
8952190,8745299
16031721,15881554
26391659,26270521
25105866,24963336
21951174,21841482
30386347,30101416
42526781,42422961
17549084,8902806
22661116,5739102
4177571,4006398
6163507,5981209
8727445,8578734
4448271,4312957
5021521,4742434
9652517,9517545
12162496,12010173
25917587,25770018
21995477,19737081
6398763,6275477
10680929,3908874
13207444,13092849
15375848,15266521
23617473,21471017
4035647,3909956
6926877,6652170
10859147,10198387
17964661,17721682
25479916,25091494
27916437,27407479
34901477,5654825
34283370,33916343
36365879,35749702
4277493,4114259
8713112,8594060
8597402,8300920
12139682,11585591
31590164,31180399
33183861,33019517
33508191,16380133
33415674,33179081
34564965,13497782
35245237,6619351
4011438,3887940
4450574,4298714
8891067,8249724
13783904,13304563
17875199,17550769
25087754,24855810
27436971,27081438
26253672,26127140
33491365,33273266
37907396,4057011
37639908,37141556
7747627,7580960
13956357,13807397
11164326,10957236
18437238,15348474
5482875,3951088
8412058,8271284
16770811,16664369
17248055,6853690
3902892,3794206
10392608,10262955
12823213,12684869
6319748,6038762
12381217,12236416
18661148,11942120
20374300,20219459
22182271,6763588
8099081,7955101
12482628,4033827
16699016,16565453
19350620,19239659
21421630,4310176
15849880,15725806
28526685,28371846
20544259,20398269
32589973,32467592
35572467,35408444
40071369,38776379
35193472,35076425
29023800,28903921
44475285,44345242
44295127,22371597
4261787,4117624
8217881,7933107
8932737,8791435
25489607,25375275
25237106,25051574
21616373,21467409
31902868,31781105
38947232,38825331
29903825,29792517
31684627,31555198
23451337,6006841
3905558,3775056
4023873,3924017
16492181,16387301
10937633,10809432
22268977,22160535
21988000,21706837
15734589,15626796
37062318,36945064
26389426,26232078
19389779,7140766
41798621,41193606
15720513,9689375
4312019,4178981
5721263,5449544
4377788,4237808
16349257,16200364
27719046,3872566
29109252,28717614
29104035,28981147
30656856,30096185
13586392,3925236
26454275,8149595
3988636,3874094
8296031,8190751
22947823,22833177
20424538,20305198
31811435,31690446
13128986,4396800
38702333,34490141
18087692,12566206
32685928,22540287
42982508,18782752
10744389,3957595
16399570,15077500
17992256,17740023
6207290,6092108
7963728,7803577
34947803,34716304
34048672,28238053
22320655,19879861
22438572,22334238
22386637,8040072
16682218,16488854
18036549,17871585
14934442,14760115
16539205,16415707
25770855,25637355
30802141,30516638
40930609,40788135
33152058,32837925
41186332,41084530
44729404,7687475
7237868,6890992
11559107,11194449
24216469,23938173
28852164,8015185
28606138,28450062
37895288,37777760
37425988,37231775
32032387,31916548
43061990,12042877
21820622,4373990
3937206,3828081
4279198,4144070
8188655,7891859
12566648,12459069
7560158,7405113
11916730,11809423
16191128,16083351
15604364,15480915
4359934,4146669
4035284,3887790
6741446,6587014
30561848,26322428
12498687,12361561
31838314,31656579
31685542,31579610
33007757,32884777
40500622,40340303
42629791,42521201
26546848,6136112
7932225,6937426
11554003,10914257
24067679,23228500
31976712,31696791
37234052,36336397
39725975,38951380
40671606,40202939
40371171,39300073
43355013,5000757
43570805,11231209
8160528,8042868
13014338,3925706
13834177,13623073
4147671,4036035
12097309,11428884
11969217,11605155
20324202,19794025
32860856,32530833
31048430,30802286
39930071,39681118
40858144,40465465
42402489,42239072
42702404,42544948
5654156,5538364
13314096,10233355
57990678,20567235
18375737,15514790
7864452,7721065
5446255,5335076
7599346,7482917
16130878,15955491
13703955,13482295
4107224,3948745
22725858,20622668
12393323,5370216
14926774,9558081
12790262,11569296
15148088,5751256
5045185,4928636
4546785,4260508
8584857,8435498
16109019,15996193
36138814,36040232
41548370,41307154
35727321,35619451
23673363,23549397
27997421,27879470
33868007,33752015
46343713,4468656
4344310,4207909
4188408,4066924
7409234,7301394
8007103,7889032
12794149,12690914
15642283,15211794
27645456,6055915
30726694,30349191
32962437,32690964
12301907,12188314
36712429,36469812
39618244,38960406
41436549,40817896
45433563,10325122
24731561,9222247
8231931,7802885
12927589,12751102
20813649,20432669
24013434,23430908
32339295,32226045
36759447,36484453
10172969,3917541
45775498,20812980
26323429,14020095
53256773,24124656
54333428,19595791
16354934,16250341
10868959,10757909
4367219,4198949
3888638,3772844
11564069,11454954
12719024,12609460
14263343,13408218
17493139,17168472
16021250,15903973
29838555,29320100
24339817,24213445
36761375,36428743
38178260,37510491
39753957,39360004
37810401,37697641
43967407,43860702
5600785,5480758
10295892,8567440
7792422,7673048
26057092,25933951
14388729,14239000
21318673,21210412
24553901,24424434
31252992,30993542
41559239,41404374
34022509,33825097
20381990,20237065
44547782,44410408
4346559,4198614
4261975,4160304
12656148,8043089
8327190,4654674
4356185,4206401
8467166,8173311
14526675,14386928
16597540,16482035
24914149,7261302
26621915,7483852
5807143,5657263
15586456,15211016
19926658,19389970
23565624,22874115
26012888,25795778
26790051,26661083
19623776,3925468
39025974,23063498
41401360,41258182
25917148,5877104
4069747,3969137
7690505,7288333
11825090,11323872
19757339,19114190
24523762,24408236
24118258,23857686
31249230,31102446
10611561,5927597
42452004,16382989
13825365,13642679
13859422,13726562
4106970,3997387
10097489,9989599
25907167,25761713
29257226,29106000
32013257,31900230
29914300,29799520
31547020,31428546
21727329,21610442
28539779,28408159
32055024,8609322
47454764,15108819
9111466,7723436
4055039,3929772
8035373,7882835
16225724,16112088
27761034,27635119
36022470,35909282
13002144,12853257
38631539,34926889
21020442,20900339
37665584,32488395
34284579,8029964
12767125,10138849
4410508,4178043
11960511,11468498
22054510,21946541
20813302,20711706
27722691,27609128
20319247,19968626
43300747,40450554
4098371,3981884
31157492,17039670
37870354,25307685
17891790,17741196
30706462,22739149
9076982,8274343
21595071,19399768
13565903,11861883
15231926,15011062
5964015,5835466
4213804,4097084
8886730,8731399
23668292,23507952
8241843,8132230
14391621,14261446
25818561,25709045
20201152,20093667
30658395,30522337
5630043,5423941
5132787,4942908
6780476,6499476
7845419,7525247
11784893,11602896
24221729,24084384
34134273,34020904
20053418,19947889
27380788,27270164
35119085,3809392
29392532,8053890
4054299,3942508
6917730,6604693
13109008,12995503
18979849,18773272
37452472,37305163
30644074,30508173
31024473,30755616
44498156,39454386
37459808,37025934
39117376,14653149
23353858,15469978
12394117,10448872
21331706,12500926
10705964,10475380
5704042,5416766
10305744,10158162
23421342,23297902
11285140,11150307
30483874,30376265
32387490,32209758
37518814,37409500
19113660,18981946
29663482,3871644
37158727,37006926
4045759,3935097
4068272,3964196
4055861,3928998
19114767,18903395
16251050,16085801
28027821,27921893
24199597,23911721
35546017,35410841
29612900,25238604
37259977,36953582
12167035,3982338
4067471,3958871
4059785,3955420
9441280,9334372
12922337,12819698
4104231,3998081
7577736,7425300
13154849,13054946
16328699,16157728
22456662,22169882
13160618,6947601
42303964,42116207
20499337,13250901
29639302,21957914
46996879,40490465
33864658,17739840
14475032,14252606
20193297,6246938
4115353,3985525
4458509,4320621
10182176,9883848
12425513,7121959
15716018,15586847
24235978,23931860
27695752,27534692
35963278,35844719
32626466,32522781
30623793,30447751
41599301,41496317
23486573,6382307
4108642,4004821
4174171,4030892
4179042,4074785
26967031,26858588
19275352,19135504
28317492,28213311
36529878,36417003
33916992,33805601
21644226,21518831
14213251,14100498
18687000,18581414
7972838,7875752
33153949,8450836
18592287,18238347
11084711,10953525
27852673,27718641
18849624,18743258
26087515,25986667
30983161,30801603
40917470,40763950
35377150,35043966
32425669,32315990
44757121,42918902
4504053,4237404
6355650,6211270
10662513,10549034
20500043,20345021
29547874,29276298
35565505,35461241
33271596,33113138
24401630,24270368
28594581,28487016
26239119,26128042
12138131,4290048
4114715,4004249
4180590,3977556
4125208,4013928
12544587,12438681
9929964,9821656
17353932,17246152
19796942,19677848
25286776,25133256
20975989,20865637
36802145,36685638
38848954,38738041
21501472,10455218
15875632,7347680
4079679,3970003
12237949,12131281
19865855,19759615
26053807,25896231
20825757,20712636
17960116,17857358
30313448,30211854
8129000,8024518
8704087,5650322
4158175,4051201
6563681,6272842
10377377,10235459
21402266,21294728
20472260,20363581
29909032,29743715
29062752,28944998
25916531,25782752
22223004,11159307
22302517,11971786
7413343,7312322
4372841,4133228
4133061,4011571
3909400,3802459
8223039,8120968
3948743,3847209
4172328,4060470
8663459,8524189
19880071,19664913
20547797,20427289
21938096,21836686
38321098,34062041
12447936,10253251
11052273,3961822
12591678,12399544
9474855,9318996
8172692,8031595
24171523,24028539
22176446,22050196
21006432,20859367
24782080,24614240
42150237,42041686
38630515,38523158
35310476,35085566
43110740,43001558
4075271,3959121
4245918,4092311
16025849,15904941
25451525,25333195
24535897,24426056
23751938,23599815
27597051,27455817
38274906,38166490
28044511,27933624
34290646,34149143
25202512,25090389
44689982,44581914
4240706,4098605
4078749,3968799
4013350,3908726
4297946,4182651
15782820,15640557
13952785,13824996
19164068,19055932
41769142,41665715
32827568,12900647
8280402,8177006
24212856,13841821
46093286,23684448
20766097,18884924
12171784,11937706
12988208,9198266
9059693,8949100
4208830,4081483
8566041,8439329
13609277,13485046
13942127,13834722
12578739,12433231
5066814,4947826
37527552,37421845
19757579,19645897
23783976,23673456
5893126,5579356
54258779,18365078
38599025,26902752
18558569,18433616
17068543,12875175
24744697,12227289
8140722,8013289
4137673,4018888
11030628,10910849
18591214,14387464
15567243,15404716
7978567,7869715
12315095,12196049
21833822,21142114
20534135,20432319
27639301,11001156
21473619,17789928
17830545,17712507
20078520,11140352
27353481,7480887
4034996,3928564
11461920,11357109
6873986,6773128
20184412,20074161
23060174,22946110
19000023,10285007
9793839,9625887
12990339,12880222
20171458,19312773
5907566,5801545
24896157,14737796
14382309,14270569
23998176,23884890
37365219,29406199
27463840,27324271
20030788,13904772
14289853,14163818
13466157,12072333
20548730,6588547
4318992,4203172
8625821,8520788
16437598,16293147
15291554,15152799
6275372,6157436
26532261,26362826
22994142,22873686
26527803,26381868
37564500,37460039
22672381,22539407
43642842,43537951
19812056,4806242
4022870,3919454
4264974,4057067
9678835,9572435
23614418,23503504
8465595,8354867
19656785,19516282
25881580,25773964
22467137,22348844
19834772,9166376
44014820,43905954
14092164,13484733
16130535,7841463
4372785,4260652
3939386,3836589
4684159,4520979
11611467,11454923
12112658,11997683
17256451,17146021
6942728,6784160
6325371,6198127
18909079,17516313
20679949,20576563
31978950,25418547
23912096,23788082
15575847,7696714
4183321,4078565
19180599,19086488
24155155,22491338
23936748,16128373
3990275,3874597
24114324,23850838
19456489,19311854
4008590,3891854
8664077,8554912
48015472,37702240
33208347,33095317
20861345,3845653
45610957,28212642
22882852,12751346
11358651,11257057
4029098,3903751
24073690,23959622
8247820,8107570
36266351,36043245
24426317,24314861
16241842,16105658
31289595,31179240
35783101,35654237
19381199,19276032
23941711,4151030
21661372,21301295
22773432,22656365
29068885,28884840
23962450,23536120
36548544,36142649
38402436,38236503
44048691,43893418
41668017,41395108
39715790,32984983
7552364,7445712
59239784,14732279
7806658,7703190
4831608,4703771
4110369,3995023
8491771,8365910
10239010,9964650
7838379,7724994
27994916,27896156
16196095,16054433
27085899,26937342
34916509,31308524
36287946,24617166
15564507,6336224
11185575,11054794
5041795,4142641
4073606,3971160
4369237,4229281
11997671,11881262
19425327,19212360
26845455,26737017
30965981,30855911
37641950,37542545
24202887,24053440
27144429,27011024
9404023,3985969
45345731,45222419
4154537,4014743
8200199,3971123
10330757,10177391
20352403,20249507
24304999,24154191
19827563,19713990
33097182,3829647
33170363,32872392
31782997,31657693
28093305,27938419
4052660,3933464
28050641,15641867
30217060,15971705
12659211,12517412
4191272,4073198
9007880,8847933
12854966,12749825
19626967,19501357
23204339,23067200
4247904,4130076
3966058,3856395
19258271,19151756
19076120,18933556
28519557,28063705
17468972,6730137
30581117,30370485
12567995,11011098
14357392,9023517
4023309,3902454
15573628,15431471
17097102,16976602
34965876,29124268
25612320,11955831
31387331,31272378
16184323,12168760
13540956,11347957
9670330,4022048
4124237,4017858
16326555,10325832
10431057,10296171
8271891,8136141
16031014,15902545
34421676,31378318
22182509,22059627
31446161,31293687
30736068,30629235
10889041,7998151
3993754,3891529
4338676,4121060
3983556,3868468
17432250,17319487
15975581,15855938
11566945,11443778
25351336,25249952
21249582,21130653
25364841,25258193
32038124,3961078
15678798,8026518
47917020,47697542
19773598,10259379
4031612,3905507
10340621,7902268
5677012,5535797
28480483,28361194
37439963,37232160
16232080,16085024
27927798,27818602
17172612,16908886
36934986,36829154
24109829,5724254
8174478,8045589
45384238,28562790
9908699,9798124
15896244,15782288
12066174,11956184
18778104,18650447
17704554,17560626
24634544,24501727
36506603,36392437
22209283,22061777
35489759,8146710
46007686,43293240
15759202,7575236
4214429,4102237
4117015,4008119
6394746,6284684
18710834,18425926
17935265,17827405
36772436,8106191
37067215,36895587
49529593,46292112
24271621,21862809
53572717,24879039
10972950,9618023
46912867,25698241
28672030,27983635
9931994,8184982
17048427,6386499
7698624,7595889
8189495,8045701
4084799,3982033
8476541,8328319
4061631,3954376
17238285,17129860
27820560,27507335
27061047,26744740
32073305,31965667
34812801,34683056
23447739,11043599
6333076,6225304
47926504,19617691
30239605,11933790
4004654,3899093
9080527,8844061
7202242,6922641
15518283,11695446
12298426,12147221
5353022,5215807
8498783,8334542
16559696,16416841
3910175,3800194
44576064,36256460
21453223,13116493
32132487,32010724
37716117,25593855
17383256,17287406
4096706,3970933
30230377,16434054
15776869,15589700
17654718,17509625
4106361,3998894
8329876,8223091
19491796,19381674
16957348,16848392
4086681,3970770
25823326,25715624
15418244,13382633
4723181,4531927
8725549,8579085
20518232,20356612
38187620,36039363
17880377,17744853
25282736,25144230
20882621,7878956
6282029,6182627
7957264,7810901
15119435,14963252
17038569,8088521
4120494,4023438
10770192,6273782
6398282,6242683
8221470,8071947
37258517,31000814
26804181,26569472
14184974,11579437
45488519,34375653
49863882,49647206
49147061,24731333
45632051,25102122
22761244,22647371
7838162,5631141
14634759,12294482
4161850,4058270
8434065,8323324
11802870,11107934
8180928,8073055
11096228,10991673
8581393,8478949
4363680,4229021
18257649,18081892
21783357,21673657
26058241,25958618
4224954,4099937
20600038,13185250
37443235,35813843
6603467,6482910
15132429,4218096
22517602,12996879
7012919,6895254
20827701,20712666
21558175,21404961
29722036,28354715
14024109,13885104
18217121,18089821
25607671,25503881
10718259,4172528
17678290,12442372
21392688,9971012
11578789,11468771
19950780,19841923
21718440,21605830
17057273,16944342
31568096,31371522
23383302,23082167
29349632,29220540
25375334,25246912
17562019,7950608
13901217,6624995
4147555,4042652
4071599,3967906
4295354,4189859
16898436,16689693
10440113,10332226
16295139,15969399
12177372,12067523
22623310,22186030
22222380,22103707
29155040,29050554
24283186,24140286
27070682,26895828
5364168,5239016
11430259,11284855
17105916,12694405
4090585,3977618
5115779,5004168
8016687,7909699
12521198,12418931
24782958,24675006
22534117,22402058
16245247,7817070
30434593,3882215
18143621,15846546
17527059,9816203
7701387,7559565
9763233,9657426
11335181,11228237
23358740,17527602
4112523,4010104
12342021,12216579
17216686,17080744
30152058,18491625
28316425,25294042
25209237,25095344
5393451,3702252
11778340,11672174
15083214,14970584
12967261,12825243
5592841,3627513
8010370,7905031
5729937,5440146
8604923,8430024
4094897,3992735
19084731,18967866
8625718,8478660
30567941,15405067
51021950,50909786
12942010,12799803
23119365,22914743
43168156,37988779
57742551,48139104
45321786,40599098
14884442,8160363
4234222,4111237
5799626,5545701
17699275,17576208
29265593,29149436
23938936,23827748
20726600,20620415
17696269,4031213
40946120,40832732
19277911,4915784
16678961,9283738
3977386,3867509
4133613,4028622
11097493,10731149
13287848,12972237
23354643,23250480
26451076,26138919
26279238,26127402
32419071,32224380
29857327,29490977
4275874,4090614
45079323,16109306
18324635,13641851
24074530,13466250
4037088,3871647
4003888,3895560
15227304,15086635
12161187,12056509
13625791,13516297
10211537,10077478
10001269,9887715
12112550,11976955
24097440,23959721
8075070,7447037
37389285,37177197
37951278,34825363
19489784,16070988
16069075,15880553
17675102,7561975
4896403,4538376
8227156,8050712
4478666,4334929
16625030,4181750
21504563,21066708
20273219,20157089
40038423,39910907
40956379,40850814
41848084,6807320
30961712,17959631
9845472,9740395
21051876,19564072
6336425,4839665
7879164,7771555
8209024,8089207
8267134,8139013
27485360,27310535
8095065,7980138
16510892,16398839
18972218,15177964
4694915,4543083
9131053,9026162
11863844,11743931
19979284,19863227
21220485,21109799
5352309,5246137
5713669,5422476
8593036,8434091
16732808,16622798
14830978,4164830
12039217,4065406
5711937,5438753
8208750,8067832
16299458,16157705
16842186,16569538
4040480,3920303
22317148,22202930
13196087,13057463
10245215,10101664
15795388,15691366
18756678,6319041
11939573,11800968
7371047,7234479
18081651,17963003
16843709,16738513
27376990,11364221
8343645,8219778
16342665,16204418
19436181,19326891
11664625,5490005
4322474,4088104
4300708,4139305
4669451,4537328
12180388,12074293
9187341,8977209
15430532,15303713
10125521,9970808
42978891,42877360
17540458,17396986
40281335,35537611
34891921,31014142
38405934,38297506
14868344,12663690
13185390,5255432
4166302,4047010
12980533,12857797
19735103,19629368
14863030,14752147
18218205,18116901
10000402,7728923
16660665,13605334
21395706,15705936
17930594,17762379
21800157,21500241
8080731,7953185
7902164,7761826
31450833,29484786
14799126,14663159
5518314,3860951
39566637,36179061
41466437,37361750
38610287,28432567
39756077,36676962
13231996,4837602
5660171,5540908
7760014,7635724
9879220,7916477
18376635,18246387
29217844,29114237
43642271,43517022
59765039,15128957
53899049,46358925
78949599,69647678
73241310,68508086
55892326,11732296
63983011,19786807
51656968,30063334
64394264,32621782
54200650,45271753
4294031,4153446
60695987,36323307
14840734,14556601
45565981,35939540
33816403,30006258
15120439,15004116
34909036,34785286
51699395,38670578
30083326,27978672
5059555,4415149
14422370,14243259
24959584,24774015
26169647,26036670
33371062,33220247
34276803,34075894
27536260,27344230
27793410,27480969
12849029,4737539
28372871,28244986
20378934,12314333
7880686,7667185
5682030,5451802
12796454,9973311
14365752,14247539
7299647,6871725
11395995,11094153
19604329,19500852
17453943,17297393
14912173,7821285
40383070,40192820
41742599,38891858
47656142,24578363
28184318,24335860
29104556,21525942
17624277,17507815
17383944,17247265
10373856,10252991
15492023,6832084
3995157,3872272
4290470,4144200
34786547,34686092
16218504,16094430
12687402,12571089
18232878,18084575
42660375,39153708
27197001,27076750
30797530,30670385
45905626,45716238
37001066,28149819
5541164,5159742
16730426,16598609
21423586,21292874
32573643,32437057
40722131,40558228
34907605,28994218
35320283,25684808
42349725,42229312
41886424,15660948
45315893,8103419
5942468,5833972
8341105,8196428
11687272,11417027
9223678,9108564
18333752,18228893
32189523,32070139
30065871,29929430
29080239,9369831
44761734,44634540
12020152,11885163
12402352,10715401
4101436,3969350
11044610,10889164
7913739,7745150
12223169,12101863
20089133,3844366
38684664,36528588
41408364,41257876
34501994,15947782
45100495,33148211
11602612,11467020
13858180,4424733
4121215,4019584
4126893,4011078
4398219,4247956
12553534,12436723
17916349,17787532
29223130,29083524
30779017,30512868
25127178,25016461
36321336,36070542
8192486,8069345
41029552,40881841
4056909,3948348
16192762,16069926
20433980,20298666
19082247,18945997
24705113,24577596
21991861,21877406
33343390,33236402
23801679,23596778
15604307,4163443
41866549,41737885
4197357,4064716
4068125,3960765
8417718,8291845
18353376,18186544
21268868,21132332
25777682,25646404
22610393,22464265
22101441,21908686
37993162,37887872
17835250,9247061
14667665,6510706
11903542,11584168
4132863,3997708
15900110,15769558
14036862,13923125
32741910,32638692
29373831,29255358
23919971,23770021
30301955,30174569
16688407,4043522
4121382,4000135
3983915,3873909
8257015,8145915
8097639,7981724
15098653,14992368
22181741,22075759
17804362,17691262
23775932,23667867
35344382,3591198
35412331,35259512
39543268,37660869
12824936,10269352
