5073210,4364859
4850745,4514260
4459266,4240210
9278129,8186313
11096062,5540698
4818095,4258867
4135477,3990758
9209741,9037987
7724577,4214860
4366858,4162208
4194571,4036284
8673886,8450856
5334784,5020701
4209468,4064584
5912070,4477423
14539104,8182228
19585231,10530221
26109735,5939882
7903953,4193832
8268155,4790492
10612555,8105847
7933100,7525870
4292813,4071430
4040567,3906634
4328229,4193489
4692383,4548054
4597006,4132867
4181730,4013677
10934068,8507774
8223329,8094234
8027497,6172803
4198983,4051902
11481892,11336414
16423747,16301385
17769817,17632401
7207995,7059672
8111325,7977628
7263212,7076147
9845024,9515747
24514983,21971401
28092457,27862253
26120696,10793242
31810580,18452961
7781289,6723523
22604893,18626912
17013381,14619507
14741321,11311288
8354310,7976663
15024256,10224559
20972118,12688700
17751202,7391683
4080196,3958597
7749836,6667990
21631081,17613750
25102769,16416998
4036079,3905864
28770857,13071807
18031722,12260675
6010666,4181672
11311775,11113957
9169406,9018140
7913607,7686982
4603839,4220421
20329718,20016764
10338798,7634881
20563917,12298894
20130328,4536983
12580773,12363728
20706250,3994610
28571991,22941602
33297731,31731608
38364380,38232631
39563122,39235918
7987940,7509082
56764866,5591465
21497001,17839719
65745623,20660593
58773931,17735881
68567993,12111613
4143080,3955295
4482719,4273303
12164869,11983737
13159334,12828561
34203646,33559296
37707566,24181844
40382171,37189211
42882817,42754308
38111323,37611895
36146607,8031322
12579287,5896413
13166561,8261180
22101267,16506220
26279287,20716000
28045999,26914020
37158505,31644913
40584760,35103721
43659141,37621205
45581921,45375108
45491701,39964311
39919986,38658654
12182442,8139363
4749259,4604184
4318905,3978008
19696429,19562483
12164740,11975971
26542012,26339090
34414022,34274229
31487030,31307221
30640964,8282963
47027158,46600680
56405090,56263753
56652698,22222744
15468899,13798694
4478761,4305915
12795581,7848975
20982432,15984211
43807324,23877213
24220869,4437832
10669708,10477745
11137310,6489382
4229446,4033596
33838112,30360129
36687388,33715027
38126985,34966734
38674672,36044261
39199531,36308010
7965567,4682575
46936032,43847459
47968212,44914514
50172445,48008479
8007953,7805673
19629803,17421050
23480701,21356531
27207945,24875872
25065025,24904935
34550067,32221011
27638240,27499423
22848033,22688260
38446238,36030677
44615240,13482619
4980012,4848468
20894460,11001848
4008381,3873692
9346346,8139763
11395565,10996196
12225834,12092406
22103319,21911194
25742761,25379778
35461853,35313705
32117484,31984318
36100614,35763959
42387139,42261183
46956820,46768230
48849109,16329539
14852471,14119797
17702582,15746751
6794639,6669579
4412587,4251727
8479083,8292276
12195942,12050350
17996146,17839444
28411739,24127102
31557804,31189713
35068051,14795361
17088493,16451226
16284489,16160773
21813769,16922552
29726074,17614507
7924314,7806582
12599168,12452131
18185161,16759958
13506678,11262001
5571544,5363789
12851513,12727299
14259813,14133719
13916910,13570670
23050822,22928683
25443402,25323246
6868047,6541418
10992152,10768678
17180324,15713643
21576902,21446422
25029420,24906249
27693577,26464720
36182966,36040213
28427685,28256054
39770289,39597305
6978612,6761569
7578677,7410701
21043084,12981788
7714855,7480585
8146979,8015157
22872549,22748453
22267280,22092214
23876102,23560754
22344380,22186101
34054846,31791303
19921365,12213608
16577682,10232028
20989533,6884926
5269892,3904094
4430942,3981075
4153207,4027530
12132210,11970442
19170267,16120431
10137826,9943121
33587449,29443087
14269028,14106319
13927325,13778022
32276058,27115997
26389847,26263136
27544977,6832079
9895082,9756638
21926431,21796099
25749862,25594953
39524097,39336907
39834830,39647793
43362450,43212668
41288434,25848266
51603903,51459132
9632103,8828049
56532237,15398094
33286064,7712342
4976097,4668078
8356282,8184027
13068572,12950301
24148775,24024947
20218047,20090758
8009313,4830270
32319011,32103577
4288776,4137538
28783004,21450971
29951006,17549135
16065318,8086071
13973860,11564163
23618513,15011301
18949892,16895076
15862444,15640900
24866188,9632268
10090890,5695968
5971741,5420280
13994849,13728816
25508499,25070922
37440800,37265363
31272046,31101054
26150190,26021778
33798484,33643416
28231048,27764954
43096030,42872178
10660035,5205238
4362490,4207114
4291349,4142514
16725567,11774293
30165442,27612161
53536542,53388852
50156160,44369400
46882795,44320495
47244631,44660745
55858652,55649473
55805363,15937709
84250809,40878454
40912350,17199338
65761154,41072053
33411359,18026657
6756251,6384565
12511835,12375687
19065804,18919258
20025628,19443109
29237976,29059447
27355149,27184973
37268527,36724462
30808164,30632107
7358709,7241164
23062783,11560312
23856894,16105817
8824482,8605384
5347088,5223706
9666310,9547699
11352313,11224092
16955558,16826718
28206451,24730019
28105249,27968075
4292049,4157173
15723929,15597923
10957618,10779701
23094557,21911260
18266810,18057963
4269971,4118897
12421740,10406411
16482936,14764362
9569938,4807267
10866927,10710724
16760721,16428570
16230735,16080366
11976961,11863480
23272016,23122950
12096949,6870362
33379583,33244681
22832639,10242267
8110846,7872543
8748340,8518007
12027378,7669400
16814691,16617739
20321940,19989359
18091164,17704884
22466074,22290061
30298247,30137162
28113430,27936954
42272066,42095767
33992868,33866142
43550659,41357470
4289270,4164576
4240808,4095421
13824534,13640680
17366965,17140303
20341187,20182711
25169891,25009925
25913584,25611141
32194076,32084315
21727748,21601643
41682107,41542880
37197220,7918727
11244961,6715304
10584865,10419827
12358692,12227106
17671450,17284102
22174053,21994023
28543739,28179152
35795658,35281009
34358461,34146703
39530520,39304559
44098304,43911653
38368344,37823710
4414464,4216518
15125346,14719768
19321200,19060828
24940057,24409069
29283704,29124439
30286429,29931942
28145360,27993417
35241672,34999263
32581115,32450684
39098209,38984171
10903650,7741787
18555421,7691367
27040629,3899872
33405765,33218999
36558025,36098140
35036358,28304164
35537279,35419704
43422553,31507453
43967963,16434614
46452686,46215572
6988027,6844536
3976471,3862696
4123573,4004654
4147432,4031041
5407046,5283578
15960690,15842580
14300252,14150093
14497398,14322866
11136417,3859549
29683041,29347752
13793147,3935639
47356133,47242653
44622697,44354381
27757939,21757830
12227287,12080102
22713354,12034978
15662725,15444102
6357069,4978454
4134992,4002546
12367503,12146240
14668060,14543934
18628084,18444348
4626561,4367306
7154313,6841572
16185949,15883276
31790957,31464183
28230817,28088566
32749795,32610142
40003313,4582313
33556608,33392109
28887932,28708732
32566196,32408607
29618803,7951646
6688441,6443987
4910639,4784645
4397158,4023073
8564407,8402024
24640903,24460189
20029921,19907691
24621401,24501149
37700520,37567700
37785373,37662946
33008871,32887869
34966101,34776198
44532339,44415318
8176355,8048191
5518832,5391744
8721397,8594552
21950781,17761718
15780690,15656754
14630525,14322260
22156189,21991730
32091762,3921338
28229990,28036429
38375024,38104917
44626405,44426881
44069756,43941436
38851871,32895102
39271156,33528965
49564361,14593641
6027407,5871419
4709134,4497689
4518082,4331169
8985905,4003582
4362236,4217202
10905452,10741635
4217114,4054201
24187499,24060841
15516968,15297209
25098375,24974419
17784525,17583318
37312301,36969055
37990591,37777654
30768209,6466445
49278926,13837578
8257711,8107100
7123222,6998122
11186140,10802826
16438611,16322319
26251397,26134298
29978571,29842118
24197558,24051399
28590746,28470226
4059881,3936834
12482453,3857185
28612001,28483029
28538330,24049682
36670804,36532206
38570636,19244812
36038695,23245790
21528845,14489308
46678452,46480257
19664735,19511464
13023316,12895652
4334997,4184557
4391963,4210720
8900432,4084905
4053917,3919495
14598210,14422521
20565916,20434441
22897872,21899726
19352269,18988322
31627278,10663338
23255157,17011094
14101994,13986602
16572796,16441148
25245895,22104540
17988347,6675810
4279733,4085320
11357245,10732105
15399575,8013322
10579032,5859555
4257096,4095216
12054742,11922906
15120158,14946496
29719921,29419990
28643616,28406182
28127785,27982286
35291842,35136950
39371887,39198297
43005444,42716843
39904267,39431531
48767495,48534395
3991394,3869931
9072323,8946408
9959567,9698990
3984553,3864139
8284332,8161453
21831660,21638935
17118430,16869002
32609071,32493146
29271370,28976927
40618063,40481974
41431970,41315315
26042299,4311679
4129540,4011719
6471712,6340007
13882978,13766621
16593785,16417620
19326294,19036843
27924513,27789239
20387536,20270814
28001804,27875467
34745421,34628577
38976140,38865150
21413710,4179281
11450560,11334518
11166873,10656593
15723372,15594126
16364390,16163618
25453628,25236568
18749119,18261596
24625181,24501205
37585834,33538728
7528938,3884299
8459850,8348195
5732406,3848282
5736660,5573278
8010117,7880703
19524151,19221810
23395239,23241857
30937742,30783287
38742320,38448849
17129644,17009280
30398328,30258477
39349704,39191286
31218847,8258325
5789621,5184143
7937348,7819943
3998787,3869269
16755859,16611346
25083293,24922578
17953395,17837343
36637417,36334761
48043731,46100463
48617041,48491114
12039324,11926419
37637472,18318446
21889349,17567926
4161909,4015177
12501187,12311705
13343155,13189864
7292918,4072678
10748253,10619485
8907458,8596300
12249379,12097265
30747644,30377505
29764050,29653183
37535907,37405856
19167316,19028937
37925960,37445741
41901397,41675874
28109373,5650001
4000608,3889716
3998558,3881350
12537500,12366066
7068101,6955399
8221264,8078290
27247717,27109269
33377564,33240535
29386377,29248884
24159314,24031930
46932728,42575286
41788819,37632176
23544056,6006588
4171778,4029137
5700455,5390753
8110341,7990610
20044457,19909649
15065037,14868873
26839038,26547109
23054382,22902128
26592797,26476689
34794886,34682559
31101209,30919258
4128743,4019362
28767265,9893795
27830745,17748774
11242059,3922281
6655701,4836138
4219161,4068496
32293586,27486008
40350233,35143122
28809290,23183302
24420606,24105576
45624320,40868395
47472517,41618671
38496765,8054902
55128222,48131373
24297151,11745362
7646451,7498260
4812204,4689571
6613630,6488766
16743412,16628794
24141018,24024673
34952841,34794929
32202520,32092914
36731179,36616854
28404720,28285616
15452261,15329913
19794665,19681384
24363356,3919549
4024093,3911624
3967088,3858248
3987509,3877516
6628218,6385234
17934237,17433313
21573351,20937143
25636187,25463172
16058023,15919765
33593986,33466261
29384504,29015532
33144207,32980155
4206029,4074975
35173448,12982867
24804771,12064233
7313960,7191029
12466223,12354147
3967408,3851466
8400768,8129278
4166079,3990820
31657563,31420367
8123393,7968725
36534711,36410260
29042199,19400567
40985919,38113474
28693614,26209234
20897752,20087178
5669556,5557043
7941044,7792233
21753989,17260608
16269875,16120622
4371012,4221652
14741386,4093731
24719997,24442729
17554475,17437098
22300776,22101855
27894140,27679889
5635443,5458379
8103600,7985132
6800332,6628298
10771952,10601856
20128193,19987332
22125955,20648613
34375138,32498839
28426452,28275495
24950075,24787684
30782433,30629427
18331663,8354226
17840618,7839078
4468018,4314989
4066889,3955876
8406981,8232833
4026699,3914202
4256966,4108087
17160300,17048198
7587224,4265521
13862281,10741223
27598025,4042748
36152574,31337112
23352526,19911302
4139216,3956198
28803899,13055674
39041855,18386273
23848669,18262179
14409619,14256707
4149269,3977324
34943608,31520559
11330570,9210274
19380855,19266190
41008126,28142127
29112753,28964058
4770472,4644215
26040445,10559404
4018615,3896413
4035512,3897127
15915167,15794191
28119726,28005605
25013500,24896307
18004509,17873348
21586747,21463372
16576219,16460017
34360230,34239507
36560136,36249105
18825285,9060025
59815016,59660662
21651414,16315590
29646399,24241218
38685344,32675935
40381112,31949110
60315220,55171736
72406763,70526230
66394004,61837053
61868423,56499005
75372745,69718226
55209403,18227940
18869468,15573714
22368114,7711513
49131495,40105303
15964915,7868585
23917319,15771618
14967121,7703501
38735622,30698278
65027678,58133083
66424545,58267080
34967319,5011981
66838428,9743316
55873495,21246578
28531330,6968577
46689508,34769397
11766537,7973546
15787959,7888966
38552065,35597468
15545956,7747779
60874542,51758978
82799003,60952256
87113655,59227350
75154296,59270786
23784768,8839083
55638499,16722276
62157565,24897463
9881266,6231564
17752075,17552194
72307606,51984439
5956800,3879985
52528073,35397075
30504926,30354265
36817580,26548562
41793169,37866397
57053584,27117030
24284186,8868275
4089913,3960613
4008181,3895648
4049393,3919708
19195985,19085298
20036580,19918877
28773838,28644897
26890165,26773065
34144628,34031621
22099332,21691010
27926013,27804433
12841704,4321535
4095372,3982455
4062416,3940658
4073541,3959249
9816731,9693616
19054235,18754989
17073859,16960776
14289467,14136377
23149526,23004768
30277891,30163736
42455336,12462571
48178478,48038783
23415064,10369444
15752648,6645549
4131144,4018099
6168278,5848170
10561659,10431278
11642440,11479153
18066410,17942504
28939506,28832466
10587709,10443591
16285563,14690958
12527961,12385595
16944296,16807331
4118357,3998171
20120788,19980475
4063507,3957613
22570622,22419117
23942056,16244288
4406076,4235301
35978607,35511730
25048888,14525524
19669874,4452073
8344938,8224697
9497782,9309291
14916388,14542509
35868308,26768700
35216931,30040839
36097715,13853222
31886705,22556470
31575482,21669676
8223984,8102675
25288093,25175149
7849431,3904115
32941014,32197934
20774247,20637666
17012826,13146267
4045773,3931996
11635530,11504601
12129396,12001521
9249917,9092819
21019868,20828944
23570745,23387420
24207562,24051116
25361721,25237400
35234572,35113675
41159965,40995889
25514674,25318781
26620529,26269548
41292196,41164790
4402775,4242998
4131842,3983402
9741913,9408383
24031235,23915188
28255865,28079838
33063229,32919849
30812293,30627076
36008954,35856986
31693444,31361106
33261433,33093335
45198617,45007061
8538786,8381107
19523592,12230498
4185284,4047934
4185091,4045396
16326808,8544865
12714751,12579157
13960364,13818251
25510027,25289695
22286701,18116716
28382414,28027158
17983766,7446191
42711906,42584330
17880204,13805633
18481814,10777628
8543455,8422578
20606822,20179489
12569976,12251428
13357279,13155116
15254832,15137242
18040430,17912497
7716340,7338612
13825831,13677839
18766283,18579014
20017189,19897284
14918984,14801030
32854447,32718476
32511345,32188431
33284514,33117705
39382292,39204130
23135127,3957981
4105862,3987959
10250918,10132489
18409055,18258196
16508068,16208219
17537896,17418964
32003374,31877826
28116552,27952340
24188706,24037828
36393861,36279351
41260708,41063743
19278838,7475679
5937346,5603391
10381552,10247077
13048240,12888488
21960360,21637563
33297567,33180972
32264039,32149408
37621314,37501902
29288323,29070469
34566459,34450901
44052440,43920542
4149131,4031437
8423235,8304405
4194234,4046939
7704753,7584061
12015937,11903545
12530392,12409741
14552419,11392390
41353071,34734080
12105324,11976424
44020473,43840116
38189177,38062234
24594671,23937297
26743631,22845693
12543210,8911069
6936312,6129935
4536165,4368473
20955839,20601887
29789228,29624192
39835693,39668593
39683415,39555021
41729306,41605293
32606607,32487974
55093714,24910696
45440061,9182973
57367700,15102212
20434712,7400452
4284555,4115964
5901233,5737439
12541826,12322389
16356419,16000602
17970037,17807185
24147566,23650788
31190423,31071494
20067953,19923853
23800020,23678854
37272070,33444910
10589512,6053170
5949602,5785685
23666992,23454180
23789173,23656160
16202289,16067376
23170151,23052582
28329444,28173489
47502277,47373296
48339266,48178493
39136792,7742752
20868862,14819655
8375493,8096826
50029503,42336491
4627859,4506217
26576556,18121719
20713709,18734711
30615467,11659897
28402562,3836955
4141536,3995385
28599599,12156029
24627736,12578327
20879287,8335845
20557201,16778411
3988501,3870508
26803125,23448191
8100303,5434248
10234439,7868872
40780990,37130928
39352655,17547877
48470963,44668788
42049215,34414013
31167554,10940413
4036388,3913738
17201407,13803876
14600320,14378170
4164334,4021677
4054929,3938296
16907592,16797036
18991369,18807999
27486298,25604800
33096253,31498068
32715572,32576998
17990829,13907743
14252754,14120651
25061821,11154428
15216630,15050663
5597024,5473885
26401832,25915799
18738461,18601344
13102616,12952244
27342763,27224710
37816533,37704218
34697831,34491223
35088004,34769313
23132061,4292663
4167966,4027238
4017229,3900179
12632622,12450391
4176307,4059664
10584790,10463198
16129702,16016102
13392826,13270917
19844684,19726702
38000721,37845126
17134236,17010740
37673237,36599661
44485055,44203773
19972775,9835866
10138933,6683458
7047196,6926048
5558344,5227003
32761252,32580349
37468077,37305475
32101380,31991183
31691406,31561398
20182103,20007096
19308271,19176941
7379178,3845347
37307631,37166051
33365361,8583269
3930140,3818636
18161747,18006574
28658087,28358643
35130711,35012690
27337858,27219885
27092557,26978973
21655225,21387128
35217514,35089429
32727837,32600393
40337192,40180561
45711660,9689216
4056209,3950878
6280723,5602295
14300747,13878135
18660429,18543596
20190946,19913703
28752553,28594536
30271223,29976952
42534019,38129305
30629457,30073066
42586613,42448375
4700163,4578199
17529621,9390244
3908420,3796168
5938583,5799424
4083079,3944765
12571235,12435835
12183753,3830572
8286849,8085488
31296361,31158034
11475628,11355235
26195115,24387643
21512290,21371059
8029563,7898011
22361356,15195306
9615682,9473351
48164431,24212465
4077961,3968775
35082640,28744848
13249478,13136617
20951161,18496635
25494816,11335025
8013161,7907511
16227781,12348534
10378606,8943963
4103572,3970391
4057416,3946079
4062254,3831086
9738797,9627554
12116346,11819701
25380671,25007636
25842051,25681748
5262887,4937246
23051049,22890159
18125693,17994012
33998936,15689102
46264375,34726575
18293950,11877528
9783752,9640917
5696569,5410724
12930331,12816339
11677993,11527456
4306583,4157869
28210382,28078285
30132434,30005739
23292444,23183062
21848677,6598619
20897679,11135343
27141317,13013149
7749231,7637063
5461809,5329708
9581113,9285738
12322878,12159046
12229238,12108931
4099575,3979304
36234311,35360830
38187142,38047816
13345191,13182428
24128702,23969941
8013061,7892531
30251357,30127443
26875618,26640539
16469159,15942859
12944373,7756269
4041522,3913224
18661060,18551108
14306401,14014228
31421363,31308806
18915310,18731489
32175999,32013714
32719016,32402019
28547346,28395588
41300202,41189441
16490398,4965933
4056637,3934002
4562411,4276560
14320969,14186343
15709168,15541459
24094878,23960342
21754969,21645234
16017488,15906638
33138713,33007825
23947860,3982024
47214454,47019718
16200128,4580848
5925999,4042066
4515940,4315282
4213511,4103506
4191925,4069743
28101385,27917549
24272108,24139212
5533123,3925245
27638409,27521448
31215826,31098141
19244380,19098245
26501639,3840956
16309383,8207544
6007517,4057588
16226018,16072373
14622698,14498957
24567307,24435320
20066544,19941210
16653590,16534320
29877038,29591108
39805462,39482218
40687367,40548268
34130803,33985173
43092501,42949778
16207274,16079015
25753574,25627003
15999345,15869856
14267069,14138331
21563009,21406405
34336572,34218478
26423409,26310765
41785741,41669296
34915879,34703715
46011577,45885347
4262780,4126505
6500646,6220820
10947595,10829116
19899031,19734608
15505576,15373944
33781664,33664819
38297196,38179939
20478155,20335031
26074619,25935720
5532256,5372315
36388120,8764972
4156876,4031898
4376046,4198082
4153483,4034151
10415255,10257232
15163906,15035188
27603384,27479038
16794947,16668423
24327274,24191563
6267340,6117181
8854296,8564028
18047853,17922825
29289350,29084839
29462196,29321850
20935399,20786442
35766834,35652268
43188935,39950818
20018949,8370152
12079691,4733378
6290164,6153940
10810681,10684005
4045982,3918752
19682275,19481116
28719819,28553752
16221810,4328390
30978582,30850874
42937334,42820212
44382531,44227658
11389948,11204946
35791242,25879050
12484406,9660448
7226405,7110207
18273633,18138696
13715500,13588628
9464017,9331828
27619875,25708322
27303279,27164870
5620289,5459108
8002642,7893121
14656653,13093841
4005943,3899145
5124431,4985493
4051239,3930401
16139165,15977114
24939823,24754491
16791285,16639497
29725793,29417289
30025040,29897602
36675191,36550278
46409616,42434436
33217323,12078256
8444656,8329168
4255005,4068351
4172931,4062525
5635922,5526416
7671433,7531548
5784103,5639224
21839656,21688760
10140138,10016552
31398733,31278872
15927538,9505815
33134878,13254390
8748213,8629299
31267678,17875140
7009495,3977727
4097907,3934829
4243092,4111754
8802923,8635666
13064563,12920100
21731803,21583857
6700596,6567765
11685495,11561107
14820659,14658659
29990109,21634651
4477446,4317461
31881275,31685327
39221184,17647096
23312881,23159549
23409490,23247396
8739565,8623240
12741450,12605957
4029330,3921863
15702865,14815664
4308849,4183251
20790311,16404860
4250410,4111604
14607532,14433567
34794982,33992483
16448129,16311859
26725634,11065773
38426026,38212743
30978666,27312323
11770473,11631210
20129672,19990503
21113923,9225337
8084859,7976291
4470871,4333190
6994991,6678532
8698747,8364476
12851769,12700550
17958350,17760934
22321038,22198159
21259086,13587051
4060919,3935699
19720059,17992524
30450445,22991169
15642428,15520227
29540334,21288941
16691063,4897778
18109038,16253127
13962711,6862677
16308748,11345421
4149633,4000461
15662047,15516307
19917512,19799126
20646319,20529488
26697416,26588386
38256940,38037320
37393205,37273815
31032118,24247573
11785251,10270827
18317934,11246237
4065719,3951061
4131452,4012678
24097983,23950977
22629843,22516783
16519149,16390648
18185673,18071902
4110063,3996488
13206460,12077980
19546563,12611466
8080396,7931786
7649501,7511780
6398031,6281354
8749308,8583760
4089613,3970386
18986816,9705941
4158652,4031412
23454964,12023817
34097179,33917172
15109677,14989436
29224095,19435901
8950655,6300948
15192534,12077021
29774206,12595568
9668820,7628719
5150953,5018675
4050571,3940175
7255616,6956972
8391815,8246870
4016228,3896868
9617846,9482047
4194983,4060367
35451495,26601152
16098899,15987079
28069636,23645601
26160333,8862024
23764156,23631599
16274418,16163663
25892604,16638293
19531352,16007910
4553787,3938321
5820040,3921211
21354199,21164306
35957605,30840853
22760311,17262010
31337080,31136391
30440454,19957243
7087633,6940292
18538119,18412147
11840645,11713034
33715460,29257854
29146285,26894709
12499098,7547048
36202090,36079885
8814391,8691800
14323509,13397142
10393563,10262281
14869941,14716364
24598391,24449887
4056754,3932712
12525104,12374056
35151377,32063991
34765778,34627246
17585274,17460310
24136176,11934020
25024284,8264745
3974599,3862236
11489031,11370706
12670674,10339604
4475176,4309183
8397355,8245378
15794895,15681199
20374303,20264285
18444242,18302232
30143559,28663955
33306133,30519284
4155912,4032092
22909341,14307147
23426073,14483457
22478892,17438496
8047567,7919614
12258469,3870038
24580847,23904222
17215459,16973956
28858454,28727311
35075080,32868015
10642999,4347689
17117375,6442925
24993642,14750640
6397286,6087637
8592632,8423985
30056174,3854619
20459809,20233016
32294911,26935411
60190463,49681480
18688116,13108380
4071856,3960408
56783781,20841339
52257519,17093315
32924533,18309966
5259807,5085374
23334958,17378371
18802316,11479259
15255377,15127980
4047052,3930687
19305159,16983938
13109764,5038611
21651962,21481321
4096146,3931090
34985008,31616595
4104594,3989901
3970995,3863032
28419843,28310795
22931909,22758646
28244346,28089176
4037175,3926362
40841693,24862815
25243266,16656022
10744705,10569132
13322115,10860522
4459471,4347015
11474224,11324586
4290297,4157682
16604745,4097494
24093686,23984335
21190776,21073195
19012119,5578372
8160789,7988402
7210937,7066653
4129179,3996478
37838203,37686479
13232294,13088701
12626628,12503012
39881582,34181780
24361184,24238198
6886693,3912895
47267476,32258474
30195251,14097581
10522040,10418190
4048633,3935039
4006336,3872020
4101355,3977047
12695515,12558528
31778975,31441435
21153912,21034142
38202734,4650239
39166661,39021945
28437207,28292587
22413471,22296771
37882086,37657126
19235280,6008701
12324504,12190292
14975761,12074931
26588384,26436565
38314091,38193720
34538043,34402411
31022643,30827362
44063264,43942376
47642740,47471278
35547146,35167758
49510535,49364778
4162660,4023923
4185645,4063426
24244126,24046309
19207416,18950303
30637229,30515087
30509647,30383016
29350347,29221539
17204214,17077879
28306016,27956438
31630013,31209030
43763343,43453521
14084461,7067906
16087899,15971683
20990195,20810915
30574919,30450407
32145872,32034205
33912669,31336250
41553796,41418344
28209432,28081144
39940728,39819427
33998045,33644095
27823744,27705980
4310412,4188040
9887290,9735266
13328705,13203254
16662948,16531742
20880526,20698189
4786841,4620749
28315237,27986529
36437318,34494743
31694373,31545284
25863781,25702215
30838734,30680552
18234634,8091258
18703401,6909878
4095861,3985771
4372597,4245056
8360455,8205034
16550593,16395588
24674144,24507119
12131864,12002345
32656712,32539131
31394424,31244558
38535759,38388693
31761844,31625006
29506233,29334884
27257057,4578864
5779602,5503380
4175687,4035528
11695162,11577442
4833425,4676704
4164664,4032634
6938776,6436005
4394271,4273626
28127836,27903567
13938163,13819075
32173125,31834610
32918469,32722962
34604776,34216953
4588335,3980677
24912039,9108414
48575256,48427394
22454405,9556078
4114520,3994269
4033508,3869634
4098841,3971829
27648246,27523268
27666570,27518033
43157797,43014722
18688636,18564471
32165160,32025352
24114618,23951554
41957171,41820825
25906464,25696896
12673722,4779407
35619958,9757088
6953930,6703089
24330365,24162929
24202473,24063775
21620328,21474730
26610752,26490054
29984182,29865974
35564793,35399576
26135065,25770686
42874638,42755011
42793724,42684205
4098021,3962801
4090123,3961126
10573818,10443914
12667583,12531816
10158441,9865413
16754611,16589884
17192766,17039858
28083677,27970818
22755331,22635170
18963666,18846494
4459834,3977409
8699309,3975983
43603268,43471476
20211838,4890482
3964598,3855039
7556120,7334455
8346491,8192384
18852233,18688577
30324959,30181007
17079094,16786706
36049294,35911337
37034665,36883422
36102658,35971243
29305957,29091097
45599855,7161801
11741918,11606464
10834396,10677313
7588726,7343458
4052222,3939564
16428887,16118435
17418150,17115012
26856270,26686300
22256420,22137130
29439666,29171608
40644953,36257254
27062561,26933032
24299210,24178111
35092628,33927952
16799383,4046549
4249761,4082757
8824974,8681258
4123908,4013239
4753686,4580435
8158820,8032641
29467133,29332497
27156919,27023691
27306989,27163899
31199549,31065343
16053904,15900364
43177546,43041135
15957845,5347395
27505615,10371103
4012193,3882371
30189890,30067242
37229297,37114581
30354055,30233094
37084032,36971798
31737464,31619787
38569928,38448595
27388145,27267734
31322744,31146198
43775396,12380451
12544843,12425503
11873521,11279113
12092128,11970910
15528191,15404345
28118458,27993504
26729718,26426199
29405090,29274802
39391015,39191827
36193024,36002089
4089571,3977628
47412797,14452231
30167063,9326624
7232026,7111142
6195971,6078368
4807011,4121811
5150317,5028230
26031988,25867571
30931002,30819258
28016313,27847160
23601039,23467851
13705530,13584867
24791414,24659853
24799722,24657303
13015493,6400138
7146553,7023421
4375259,4215711
8213316,7922845
20129766,19997519
21612197,21479724
24076252,23960108
24922017,24805819
34481923,34305111
30649775,30485206
7694436,3842339
10558798,8405009
4313339,4204577
16572474,16013205
10503844,10385057
18225447,17881356
21769876,21567235
32398715,32215805
22410733,22283565
30552564,30375448
36501070,12799259
49270152,45977062
27671537,11953450
11742969,8766553
5779898,5249335
7856262,3919076
8309466,8203015
4201862,4056366
4974475,4681588
8377329,8215703
4021097,3902063
4061249,3940282
15106695,14987309
29913399,22505131
50580546,46452628
45484235,36762806
20950986,7546012
56771745,45357129
45857110,38650513
38737977,38600147
11683391,5196777
25470002,20849731
35872598,28453388
11466483,7454810
16348880,15917456
71363778,49405479
53779445,29442387
5567530,5443938
9766580,9651335
56464332,18046343
57198382,24134425
40518463,20115659
37465394,7686908
11342988,11216095
9164618,8960821
11252347,5181545
4411291,4278062
11636976,11496288
21303470,21182090
29271485,29152205
36101196,35986970
31221798,31104621
25493673,25375309
28593445,28452655
39761134,39648597
4256524,4104397
4173360,4045767
4586016,4288243
13117936,12904591
4024939,3889733
8574410,8432173
36467568,36322498
30129364,29974450
31113537,26087485
39717048,39434805
4041201,3906049
14121681,13923349
45076579,21627778
37188345,19257846
22284704,12841223
6494988,6009030
10679117,10464378
21464294,18634694
14127514,13765389
5797121,3904771
12613182,12392640
7379396,7263253
17097777,16768044
16735761,16621698
4186112,4037508
36873221,36692216
26381961,11928138
7532553,7398641
33027686,32864584
9178291,9040864
37780606,37243116
33147972,26858483
28803155,28082171
13271737,13151952
6919054,6778231
12742691,12618132
34191116,18095295
7068431,3862859
15859163,3839052
18556841,18453717
20673150,20517129
21123832,12846523
11145778,11028906
9269018,9160066
16359270,16250612
23911879,20987960
18354086,14821639
4063512,3949834
8317974,3920084
15066042,14951602
17983059,17873034
28680952,21405284
3998231,3878748
8469867,8319420
20527249,17033961
15489369,15352041
4234651,4106799
24360169,24211066
14825198,14690190
20241758,20086249
22334204,22029842
11767698,3942212
40697607,38730894
42308598,40538618
34517435,34370332
12450798,12305977
5898210,5739166
4122597,4009292
9237796,3964392
12802240,12682228
20361276,20225406
23348912,23196289
35607013,35486463
44377375,20767364
47396340,11707420
54774774,24390854
3966867,3843901
18928025,18772569
30272193,27331675
22722076,22584545
17087615,16963994
18228938,18089235
20620003,8242438
4031010,3922606
4106264,3996273
4186428,4025999
18300844,18188167
15648034,15532966
21959899,21644900
32943371,32824907
27960356,27833387
8623375,4723710
31179833,31008604
18495478,11443518
16142081,13654182
5344774,5192551
26455826,26355472
32315702,29569621
28005012,27891089
28142500,28020073
23586399,23464206
36206452,36092613
27163327,27041182
39133422,32572915
43257405,43138185
6106311,5971733
11704620,11540610
12306502,12157533
22072355,21945050
30393339,30263921
39814873,39675270
35426710,35293997
30212100,30075783
28407300,16432441
43835474,43687785
4198717,4076011
4147770,4029899
9243670,9131713
6782986,6466837
12751459,12641243
14616109,14498223
20152216,20006392
26324523,26198692
17219436,5660971
8907559,8743376
12069191,11933711
35215741,21235990
4031111,3904656
16812045,8230672
5285721,5142487
4085202,3943979
4225818,4075227
26476158,26365681
27605104,27400865
18159304,11980480
42592525,26480521
17328561,8687956
37758997,28716100
17641164,17494142
26290246,20482181
17635797,17490535
29512486,21323354
5545323,5385713
8471349,8335572
32736863,32487998
23363237,23205228
15865831,15731187
21763482,21631244
40912270,40713646
4158018,4036187
31202913,13916357
8599838,4788686
21998877,21816069
20299674,20185836
17096328,16921592
26793912,26637321
12647331,12447736
33258553,33128794
37574999,37460262
31924573,31637652
30407814,30288849
51814973,51693588
4469519,4332161
13708229,12203902
31909014,23341263
31660026,23610522
47965377,39623158
47972998,39947232
70991240,69446955
74565008,73128000
66494488,58467979
42365259,16363357
17391649,16467093
92976878,91590926
14505936,14064706
25973574,17916582
66276018,22265143
8058067,7944912
8036163,7924135
16970711,12693586
8527588,4236738
4043426,3898716
12528881,12359884
4056531,3940167
26243395,26124122
23029227,22887895
18954095,18827588
30819949,30706095
19148269,3783587
40690098,40570324
29299253,9062154
7354481,7221318
8314433,8147971
6760922,6632230
4204477,4051659
19865948,19686657
23453124,23339325
23555240,23407942
33847891,16427720
44773832,24064486
23266191,20160576
33059775,16519468
8847165,8711636
35741593,20771336
16418229,16279287
26758188,26536149
17874014,17681090
14992202,14863271
4004901,3878380
15794999,15646276
16424956,14860874
8164446,7220873
7414162,7274347
14752988,13725871
20257864,20124714
17409823,17269436
18776735,18661155
4065230,3936506
8499319,8384580
37470234,37318015
16802148,16685688
21798508,19317664
4369116,4224481
16536363,11004236
4006910,3887842
4258125,4111170
27515817,3906250
27323905,27206111
23489557,23368193
37902023,37758777
23127915,12008287
8256821,8089751
18394808,14348063
35829931,12027574
4092270,3981866
11218844,11064788
15370278,15083240
16001304,15879014
4134140,3997215
29192150,29020887
21719300,15986752
36913309,36741342
5911867,5777060
27721351,27595970
31143844,29264257
10621029,10480395
17345517,17206239
8110828,7941422
7986985,7861254
12564331,12435253
36648328,21915520
17427612,17273220
4026857,3893228
11690313,11576205
13601345,7905818
16952121,16835598
4009281,3868063
10351605,10226115
20209626,20095076
7164541,3944225
17291988,8169194
27650728,27522072
45972369,35301347
4866103,3878772
42304147,21615791
4115671,4002999
30125704,14615716
13236349,11636774
12111542,11955443
8258242,8107258
15498940,15331981
19976812,19865893
15727269,15408193
27075660,26367774
13717933,9428322
36388786,33583060
11368681,8471745
15233680,15127382
19429872,8088171
9163115,8973762
4286588,4136279
18934841,17697685
4414625,4216581
4068204,3961078
22499712,22386261
25290873,17420344
4005095,3881454
24769050,15148881
4134109,4007610
20704080,20578218
12381172,12239602
38200078,19544312
21731744,10376507
12664258,10450683
9986310,6409964
4058382,3948915
10230150,9975067
4124108,4001087
28285960,28171629
37203623,37092928
19076344,18958629
35171965,35015674
35567430,35418297
26939011,26817013
16293111,16174309
33811125,33588196
45579937,45458627
26184936,22174245
19119764,18917501
36058302,35941626
39231038,38996404
30162145,30039144
39973647,36375792
42390845,20679903
27414111,26503141
36835897,36702950
34410019,32476426
4055775,3936864
5324458,5211182
14817046,14669874
4079443,3940527
26526363,26378649
20998029,20881879
12486068,12355991
33013288,13752731
47808835,47651981
15135442,15017967
38480356,25086605
29004519,23081328
5086272,3822772
19637018,19491445
21001498,19963098
14561138,13907810
9126576,5638151
4230522,4078667
11371514,11251752
28343447,28220918
20405629,20252083
11969776,11800303
18259885,18132094
5635371,4540122
46714728,46562369
39600749,33290676
20799035,10419164
15673412,6873067
15158067,15045427
11200234,11055791
18364125,18253277
4002822,3885100
24192728,21813947
37003798,36893455
16876544,16761671
18566747,14700970
15157875,7245573
10773110,10644787
4085544,3968399
12117100,11995922
16463164,16316580
21894465,21771328
5792504,5643657
10039258,9894444
12089340,11946009
25725711,17315885
4050191,3920245
8613061,8505331
7696945,7581374
9704757,9545690
35122552,34999158
32785816,25637811
38180528,38067490
25067024,10779213
39913230,39804037
4634290,4520152
36107851,28293308
9649613,4062287
4270080,4126024
4011982,3895673
8029926,7916711
19163176,19049356
8299480,8185319
16096816,15982699
21637089,21505621
36779409,32408734
40453711,40308750
42651041,16580012
23856721,10053486
18628567,6344221
4112050,3978001
11399172,11286465
8225173,8099771
15133021,4016975
31235103,31071837
38857925,35864342
14737987,14615373
40115371,39965645
6414541,3815954
49926108,49815511
28287930,28161035
10568577,10460117
4153585,4034885
4414056,4253583
20077031,19951002
9822352,9702622
24742696,24414655
29482193,29366194
33526274,33395156
12002261,11885175
28268760,28116710
20326916,3995064
4087702,3962779
8562070,8440720
4225843,4083993
8392052,8262817
11970574,11807203
15737204,15612750
16284078,16171114
19664588,19511710
4027862,3867665
34956856,34828997
13714064,8682897
24258355,14217882
6092888,5978734
15858164,15615232
24966326,12088101
33746121,27101860
11546886,6477740
3997573,3876139
28098915,27981247
43239734,42984415
17711922,17570260
20300925,12908776
3966794,3854738
20988361,10147454
14284036,14145766
5220259,4923910
9658135,9542876
20893433,20773868
19885121,19732589
37959896,33123132
33837026,31379716
27740861,27608388
9337542,9196514
16948702,5492586
26108386,9250637
8174784,6959824
8343921,8193573
5118998,4952969
21595317,21297795
25117128,24957096
15336646,15208362
30084879,29816520
40544115,40425250
44351518,44226918
32800278,32656437
38140304,37978572
40655493,40468719
4071276,3939212
12213328,12087512
9101834,8984263
3995653,3873382
4087789,3972688
8441749,8309243
19904743,19751125
22786307,22675958
24570001,24240251
30038643,29910936
11127935,8133416
18083746,13563945
13221700,13110159
4886661,3869380
4122403,3987090
4254092,4083691
23895697,23746028
32198740,32044840
34134312,33985267
35516387,35408810
19969465,19855791
25471724,25348460
32990995,32876278
29968952,29786288
44896197,44771766
4789249,4673114
8378576,8251056
6757034,6475064
17475423,17364955
20353400,20186453
19731814,19568881
25736354,25566763
30387482,30093339
29371058,29257046
40332850,40225265
4136572,3992623
26881121,16418323
11086920,10934419
23096464,16106419
5198671,5057559
12582285,12081180
9502710,9342039
6480915,6369562
7669474,7551815
16106021,12612622
4911813,4669383
4137026,4005583
16420339,16059561
17495445,12384555
4946334,4642244
8377624,8223111
4205891,4060119
33609702,29363391
38953961,37731071
25762319,14994280
55990301,45408482
16493126,16378693
42600483,27158764
11447806,8205364
20708090,14746518
9109833,8967900
4067738,3944975
8571279,8457861
6121371,5811646
10563164,10408655
11920206,11744180
22261409,19482318
19188326,19043220
4162904,4039484
8505064,8372029
29055173,28941690
27792888,27666010
26179885,26061140
24313695,24164647
32312519,32190257
30407029,30272295
42452103,42319276
44188644,9570593
4047804,3932975
3929566,3814163
8484864,8361427
12861585,12731182
9943030,3940326
4139777,4015418
20150718,20015953
26795824,26681610
26096051,25974798
17270039,17127331
21696666,21541229
35908588,35785439
37249553,37123644
41860929,41748686
43610153,40526040
14013590,13639115
12405074,12252598
27919052,27792050
24929305,24673264
41643249,41515397
29676083,29532541
32737530,32622667
37541181,37372365
30401495,29910083
42161461,42037012
4217780,4074310
7793536,7684786
7696372,7584342
11185454,11061721
4056867,3936179
18719969,18559827
17245776,17114675
29712233,29579176
25591836,25438262
10790768,3962000
42394143,15139029
42863546,42717612
26051075,14852625
6982597,4286126
4051328,3925679
15544692,13298052
8317526,8155514
10795244,10497938
9798003,9648313
24177372,17139068
37713976,37566901
42780053,41986974
29598916,7388187
49512560,49377042
17904651,12690086
10461120,10347391
4002107,3861316
8368011,8251117
4069305,3936688
8146665,8003586
21265381,21141598
47386290,47276473
47984333,45155070
35082974,28109408
14982764,14863992
47886755,39978871
8033677,7902974
32786344,26068903
38980536,32257177
8597761,8479371
17277552,16980214
24159855,23992815
18056778,17942154
25797901,25685145
24633939,24519599
37966342,34813919
33921576,15249532
41921485,41623163
39837515,11035624
4425413,4256206
13772901,13429016
16638109,16466097
13665872,13541022
18136228,18009054
14187271,14057803
31252211,31130915
26975708,26859955
47088868,46918404
41179449,8622913
13106461,5842887
4007466,3878445
3992580,3875929
4013470,3875953
11912418,11762442
25237019,24891637
34062515,33932487
27297827,27171254
18400227,18280141
33619643,33402236
36816515,7494315
7787576,7655817
4006871,3894298
4044186,3909413
22926008,22809024
13307506,13160085
31793979,31677060
24824339,24697790
35267719,35087135
41610347,5566651
40631917,40332177
45172152,44940895
36315015,36145854
40707726,40571411
4141797,4008804
4106652,3940044
4142565,3991782
4112652,3981985
13013596,12885070
16742500,16568109
31207959,31091751
18185680,17889524
22286888,22159383
33704169,33581517
21425763,13086874
16691171,14836329
12354483,12222483
5383165,5260907
11374398,11164368
12889037,12576215
24166376,24059587
10378587,7925910
34137838,34023020
25595781,14149584
37519765,37352102
15053029,14928184
18464707,9147822
4084586,3976222
8749218,8618551
10797757,7063031
6206556,6033129
4054938,3950696
10503602,10380353
4392031,4252214
20723615,20549548
26865806,26578459
22165106,22047555
25241176,25124689
39222576,34843947
39137636,39021199
28891337,10523247
22583077,10748589
5853371,5674220
4167255,4053674
8659436,8541109
12537576,12212584
21831456,21709853
21777796,21653453
29326862,29165343
32740768,32626290
31404503,31287190
28488731,28367909
38671587,12049942
19959198,5429677
4071116,3941537
4156845,4042324
5791141,5611036
8216694,8097660
7670716,7474884
22382744,22246987
27030752,26915276
28811849,28683389
14033138,13729651
44899640,40889985
39051735,38936973
23085197,7963611
11128862,10997022
4950243,4194478
12553408,12042374
16627659,16406136
14397923,14273001
20747309,20407126
5119640,4508916
26582596,26426126
10807994,10606768
12106364,11991717
15753002,15589927
17566198,6071652
4086064,3965593
16788897,16650762
28496767,28199950
29073030,28902007
33696184,33529716
38973537,38806793
29100521,28982075
24734231,24602991
43120813,42963545
29656550,29459878
18651469,5334448
8388123,8252763
8132780,8018175
5582681,5439007
8132202,8014845
4190352,4063169
14952979,14828806
35375418,35164448
25090059,24793140
37747841,31765730
34603412,34449606
26263564,8507942
40650249,40470252
17662503,14263535
5817757,5706538
12036804,11873999
5871581,5735303
4199179,4092315
5469058,5314349
7734600,7606442
37451046,37284423
24926266,20350990
26978080,26203386
18426942,16966468
4105812,3989815
8961844,8765055
7344941,5604385
4054613,3932071
13561062,13404518
16341321,16143265
20440683,20318265
37102530,36977197
41343717,41196000
35324883,35200819
29107856,28785039
38239368,38004683
17084410,12787388
5744304,5616013
10608537,10439260
4696406,4576663
9729338,9598380
4350451,4184430
12154615,12014956
11105625,10990999
26564806,26400017
31803824,31692274
28279897,28139605
43754539,43617414
18988781,10277258
31707457,12673835
8348478,8233371
4123846,3999111
9710966,9600481
17470040,17354895
17822808,17656067
30253610,29927440
33110214,32933730
19138278,12880675
4107321,3998950
13698220,13523567
9041947,8826117
7520317,7367890
30058588,29939624
34400297,34257720
13894526,13761000
22077887,21954799
41073891,40952512
31616640,31452603
38259092,38147407
33518800,33381712
29046932,28927120
16090656,15958866
21948463,21771604
12023852,11904915
21516127,19907547
36154557,36005222
25639300,25491939
24825031,22350154
38772748,38645360
32191229,32044158
19834817,4698608
4167316,4041791
4029296,3842443
4114351,4002616
4057638,3925282
15680473,15573952
10896009,10780081
4055062,3939813
13289272,13169095
37881778,20371572
32888873,19921906
19816152,19693930
4201692,4058899
16101556,15972992
22182140,20887306
14085280,13944989
30014331,19239078
7470551,5105457
8032936,7646754
16379013,16266265
16113583,15930770
16463174,16084498
9879627,9731434
12477897,12105310
20955744,20839705
15036174,14911739
14010002,7748103
11502215,11397275
16005392,15849129
42131180,39820518
39982428,36326500
16664643,16531891
4207008,4019260
5541098,5246318
8404538,8247113
8012807,7651462
12368946,12202579
14588186,14479145
23233846,22803116
43104347,42971879
30426144,30317358
37937617,36397821
39195449,39016828
13807054,9525097
14230647,7251855
4236278,4109596
4144091,4025814
4051980,3933516
4116171,4009103
4235636,4101558
8239163,8091759
4149452,4015879
23223169,22908256
23890447,23709498
19178214,19059907
12703760,10534288
26887698,17917348
44343573,44166259
16523576,16391376
16978319,9191696
6152771,6027659
11232702,3897077
14646993,14532532
23814208,19817960
17224274,17113516
4874705,4764450
8773880,7504814
22408604,18862532
7118452,6923062
8548635,8241143
33976802,32014421
34459531,34311430
32029862,17479481
8017993,7886866
12058835,11947812
44127255,36127586
19215537,19098889
40760861,20789137
10691120,10526077
13801174,13633040
12632192,12497375
17630879,17514812
9970614,9816236
18335478,18221125
21982042,21824254
4134631,4015679
29392343,29171868
34832076,34690208
41690512,41559596
24418443,19917645
14545437,14424434
5462608,3933872
34660938,22617180
32972321,20755173
13183225,13060030
4203112,4056463
4197242,4062035
8538535,3995216
12097995,11966917
24889275,24562741
11151770,11029535
30016382,29859941
43659181,39492147
22658376,22510078
20681953,20521315
27837848,27666340
35691979,35571854
41854328,40142412
8443448,8282656
4912588,4782576
8294820,8143188
16921455,16558557
19587292,19459768
24063442,23689903
30404444,30247141
25936917,25750011
36274113,33352191
40756750,40598690
4122658,3964782
20108189,16242288
21467019,12822992
4090632,3978393
8293097,8160317
10181498,10001760
20932819,20799096
20698974,20586620
14965490,14805287
12617578,6966785
9303911,8685601
4333399,4213021
8731742,8616065
5391423,5229398
7578289,7457388
4346679,4004877
14901469,14785078
23218105,23045266
20211292,20066288
22392492,22272455
18736940,18586110
37583907,37446877
20751167,20592336
44815698,44639621
5809658,5621180
37941785,10240302
4323409,4155097
4412165,4272466
6389306,6166045
19140548,18788313
20286058,20145185
27625697,27508303
31964536,31851337
22435431,22323254
31837483,31579152
26226136,26083235
30039149,12391670
24702859,12656723
5524283,5353012
4133869,3946090
4071690,3933799
10408595,10292116
11049200,10900248
15577089,15463214
13627893,13471659
4259897,4113666
37891421,37743986
27804590,11604337
25424120,25298740
26337239,22648094
8601585,6679324
41169103,36972051
18236207,17444395
22185940,20848885
23720787,16672006
10507851,9057113
4205382,4064651
4033882,3912726
11592197,11480789
24043653,23902795
19902679,19792063
4253177,4089246
12201354,12061505
22396548,7431437
41184244,37241769
27580551,20175476
18921039,18755726
5292032,5156865
14259864,14108864
4983539,4872846
5988741,5851371
7044848,6885236
16640429,16529640
27912819,27789457
12692178,12563112
43062223,37027340
28062163,27935767
36989128,36866248
31433495,31272600
22959051,4094344
