121263855,4359879
30359200,13051595
8994515,4682506
13102747,4994332
4419411,4195232
4374762,4010155
8694465,8577286
4001458,3884273
7786442,6964009
11323059,11167706
4585372,4426200
9110251,8731514
4621535,4372977
4457573,4202231
9056842,8931315
4385071,4126193
9076718,8931943
7945692,3926723
5994919,5126130
5045280,3872828
9984024,4132256
6734884,6601841
10361428,9747241
4422638,4283285
4169934,4035297
4178019,3957727
8730961,4022950
4193224,4059122
8940035,8786364
4246185,4113012
4180007,3945521
4088861,3964702
4261912,4061046
4230440,4067806
10815217,5988929
6236386,6085366
4537205,4328493
9084810,8782126
17813783,17679671
4748447,4602054
4135878,4004270
4219851,4092620
8699111,8546289
6547975,4223256
8447498,8179146
6302258,6108741
4000797,3872879
10510357,10379834
9963329,9834176
4286616,4087998
4109968,3966051
8598943,8468783
4095399,3965650
8051681,7812960
4686234,4558383
4490793,4231209
9043076,8853896
8154047,8034082
5234325,5012231
4225413,4054399
4249659,4127279
4319184,4133989
4229747,3992640
8750667,4106720
8676909,4156134
4239371,4032737
11412710,10829699
15535726,7290757
12455236,9569343
4078948,3941659
8439411,8267114
4346991,4068310
10018036,9836653
6973136,6784546
6634689,6499541
4829447,3861778
8373793,8256902
4131287,3992120
9779497,9662506
7084530,3877673
4481644,4279579
13114556,8221200
8329287,6564576
10354356,10052566
7097670,6969759
7738223,7562389
7764770,7624750
6210473,6084736
8933906,8805671
5516994,5271593
8307306,8071065
7572806,7406275
12428674,8197324
4265807,4123255
4196529,4060424
4222950,4058465
5771692,5152299
4470910,4276705
4176049,4043872
4198640,4042179
4539700,4270267
4167193,4012606
4315248,4126166
4012695,3885858
4223913,4087496
4187307,4033426
4323097,4188369
4045154,3917047
4532078,4192975
4082033,3956434
4172676,4014476
4354852,4056618
4704293,4369672
9405907,9100972
14769070,14388627
6608165,5450945
4898909,4600386
4542410,3921947
4098930,3946020
8646230,8506419
4143399,4009785
8819173,8671283
7587403,7424224
7223964,6989992
7092906,6952086
7667336,5684260
7738898,7352890
12465452,12291483
4568129,4362568
4277856,4038251
4266221,4132346
4027302,3900529
4446415,4154338
4034872,3908833
4078073,3945352
4163101,3919440
4122010,3986806
4049784,3914770
4203947,3957579
9011397,8716341
4186301,4044256
4264190,3963260
4327815,4042455
5321621,5024612
4217019,3962435
4201346,3947209
4407008,4119260
7141130,5529530
4778262,4016490
4246015,4001179
4490920,4173213
4187311,3938086
4436209,4145470
4678310,4384391
4574572,4212308
4324311,3970932
4330385,4075011
9369647,9070720
4041988,3903988
4252243,3986873
4249721,3914432
3950546,3816242
4213459,3959686
5767082,4305439
4098675,3947708
4103880,3858068
4126596,3973378
9077933,8483548
4164610,3922651
4028445,3894880
4259100,4012238
4185143,3881897
4342671,4024925
9103953,8922248
4409588,4114798
4364277,4190618
4231656,4000643
4492633,4227723
4242434,4053652
5598213,5370597
4448925,4258692
4465790,4160406
9449229,9004899
8281831,8124122
7968077,4972819
7891727,7620773
7835022,7123720
8366493,8017888
7391683,7144480
4527120,4338177
4202992,3967404
4227707,4094401
8875582,8589344
4412714,4142067
5812540,5287318
4247797,3997572
9528915,9190023
4214065,4045975
4162479,3929429
5086967,4940211
8739346,8560148
7591754,7271306
8196910,8070606
4420576,4168011
8813413,3993857
4174440,4038769
3967322,3845090
4183549,4038137
8738508,8477666
8222933,8086075
7708808,7583817
7092567,6723399
8191986,5014722
4186844,3933108
8765153,8632834
7779041,7648050
6715696,6413693
4278205,4122309
4105811,3978534
4299136,4163651
9113452,8788565
8873759,8643186
7236219,6972359
4380668,4246482
8800639,8491299
4471351,4261168
4078376,3885963
4647186,4304799
7094164,5625377
4588568,4351444
4604768,4367267
4330520,4026056
4373550,4180819
8952142,8804537
4566544,4309173
4553209,4363542
9086020,8844627
4560641,4326993
4492853,4290553
4096762,3955282
8853858,8564233
11348251,11208999
12911108,9450335
8641140,8420823
5826782,5689673
5825808,3962252
17116143,12072816
9196909,8271907
10587841,5861631
4394724,4213590
5654274,5520708
9297806,5145017
4814517,4167203
4140866,4013705
13700474,13549264
4330044,4147673
4114320,3978659
4145319,3905728
5215204,5090911
14401018,14229030
4239127,4068510
6352103,6096767
4210807,4051946
14466854,10963689
10355478,10167917
11112805,4560535
4243436,4094452
4123407,3974798
4337239,4044366
8824386,8703790
10883832,10742499
9727266,9552398
4169118,3932378
4041381,3901611
12503532,12361533
7359635,6936321
10724132,8125486
6630830,6426899
4214332,4046483
8473764,8340200
8846153,8644151
9283534,9046982
7619044,7441571
14944799,8136317
4264347,4120312
4320333,4144104
4697059,4505941
4107843,3979534
4030001,3903019
4010493,3896921
4202245,4064764
8925818,8750266
4167461,4038157
9333501,9108202
4249170,3990777
9110213,8817668
8445545,8268156
8628534,5767713
4472032,4213187
4275522,4108313
4468992,4083818
9261370,8947462
4229279,3995132
8970068,8773632
4458831,4191479
4196829,3959279
4324632,4196588
4883467,4666897
4269968,4137606
9216972,8900752
4190986,3956337
9050011,8743892
8337705,8065024
5956625,5722985
5349880,4307610
9565116,3897355
4285068,4047041
4192874,3936911
4179446,3959960
4277107,4051123
9375441,9061974
4312136,4030696
9141585,8873517
4363819,4167147
4272746,4030659
4369340,4190100
3951654,3837556
5030254,4050329
4264021,4074967
4356315,4096787
9143117,8950276
7699817,7494594
8230682,7977464
4241053,4115797
6509890,3840540
4067370,3946270
8496719,8272967
4352621,4172746
3947790,3831651
4399866,4230328
4252642,4120371
4228842,4014973
5441615,5050863
4124236,4009875
5894325,5459019
4051418,3841810
3962112,3848113
4325153,4073145
5047960,4322835
4008970,3880361
8675450,8408772
7061101,6764336
6476048,6347408
4746915,4401776
4520251,4263573
4715360,4520923
4931227,4628154
8651748,7954467
8549353,8419146
5575312,5202962
4349132,4029126
4560961,4377550
6116428,5708503
4401720,4224711
4173391,4019336
4588576,4287784
4414485,4229109
4643881,4394528
4186212,3982371
4406576,4152755
4390948,4225048
4304157,4041221
4230543,4006813
4105650,3985710
4224541,4006332
4537067,4243107
5043685,4822746
4742359,4149072
9799740,9066566
4288968,4105730
4141147,3910094
4506667,4152690
4930308,4743713
4914783,4011924
4493987,3855282
4336797,4160231
4307548,4006014
4509423,4200019
4514322,4337550
8291250,8033036
8830290,4682174
4292098,4058867
8934721,8761509
4168490,3930003
8923002,8752758
4386026,4237745
8210440,7904655
7186064,7049154
8542973,8336965
7424383,5373145
10724394,10603969
12686859,12481962
8182202,7977141
7289176,7132845
7174125,7032338
6411786,6200478
7628647,7482234
7860474,7647697
17336016,17041272
17757077,4700461
8218378,8050575
8643522,6970702
8284647,8137831
8693838,5849922
6541226,5955909
4567177,3921951
7623381,7464649
6975292,6856441
4188689,4078548
4288318,4160329
7454503,7248619
5591077,5476583
5431042,5307091
7617184,7504516
3990842,3862680
4413124,4219617
7678916,7541326
11289891,11077423
4671551,4142456
4040751,3922045
8532975,8375236
4102632,3952297
8272015,8143429
4157302,3923303
4018464,3897850
4584026,4374092
12219796,12088237
9311569,9176577
4172451,3960705
4087554,3973534
4103863,3989631
8389383,8285146
4106240,3996128
4352255,4077568
5236794,5088330
9523107,9408882
4288203,4112064
4299990,4051068
12571162,7781062
6062583,5764290
5716868,5588261
9280103,9114584
5260328,4508781
8243377,3962926
15766890,15630888
4150333,4017692
4034048,3917271
4049573,3936494
4399821,4276259
4479197,4307349
4013846,3893585
4210231,4026561
8777762,8578226
4214398,4061306
8633674,4985342
14425959,14265547
4423064,4253581
4151755,4039590
4135033,4003446
4264110,4051724
4531322,4231358
4072093,3948499
4565552,4283750
4445396,4160984
4508370,4306420
4191681,3984660
4230477,3994580
5034926,4810194
4219605,3988557
4296805,4069769
5951950,5563874
4127606,3908512
4278955,4049910
4429301,4170168
4128199,3914407
4285744,4045953
5934838,5509489
4234965,3997146
7741353,7486951
6908622,6674517
7174783,6776786
6183414,5956126
4750802,3911014
9131087,8819652
7667982,7216601
9181742,8849706
9402958,8966260
9802893,8833334
5870928,5197700
8493187,7872129
4362134,4078861
8947817,8709136
9233803,8987496
8720726,8286498
4180957,3955626
9031510,8653252
7429853,7130881
8394104,8171511
4743032,4449453
9658140,9379791
7194805,6955245
5507621,5290163
4388890,4157850
9409186,9205581
4503977,4199760
4129017,3918353
4295277,4141582
4130003,3915220
4428494,4121386
3996905,3886967
4190527,3965073
9214811,8847099
7753165,7593130
7829400,7552918
5365376,5192251
9296730,9041444
4262756,3996086
9028190,8764574
8764710,8380868
8411535,5407795
4555045,4247773
4301745,4036496
4370154,4194558
4328308,4065778
4480845,4192210
5862078,5556177
4229918,4002277
4299370,4039116
4227102,4006869
4179243,3939085
4120186,3904762
4121830,4011020
4567135,4229378
4482719,4194438
4605645,4423787
4274849,4014804
4193172,3979567
4301526,4158428
4350930,4068451
4418344,4130690
4088789,3964710
4367429,4145407
4129297,3908012
4321621,4157720
4320629,4036206
4393212,4125767
3983847,3871574
4717697,4399294
9644046,9378855
5236756,5014026
9181876,8859198
4503127,4311019
4290275,4086012
4534546,4251729
3941614,3834828
5070108,4808949
4280455,3973054
7406285,7139080
8955206,5342043
4664473,4427869
9551426,9255216
7813063,7664224
6809279,6576456
8406065,8101448
6076676,5954527
6113502,5723187
9439025,7095703
4210211,4062014
4085675,3861718
4188751,4018524
8885456,8626651
4154513,4017312
9069569,8793186
8552276,8248554
9602940,4752956
4773843,4149249
9457132,4032900
4473021,4177129
10434727,10147119
4306029,4067072
4085629,3867656
4312326,4165905
4912087,4047587
4297026,4072433
9570928,8897084
6745303,3914442
8741357,8447666
4295800,4041548
4217452,4018344
6838086,6685429
4440863,4051827
15284111,14895376
12046472,6310024
16723756,16515165
17117727,12442090
4527658,4344007
10527559,8099478
4338070,4163298
8483938,8240278
4302991,4149151
4260663,4091804
4378409,4190125
4390613,4254275
4291592,4112665
4248635,4088465
4115160,3987435
4293307,4139116
4426031,4277363
4016746,3909260
4578221,4417673
4047313,3935292
4155141,3930728
8975640,8709750
6875121,6736250
7787196,7548237
4323399,4051761
9034878,8889770
6451846,6177386
8512524,8293976
7090651,6923417
6267388,6028528
8028961,4062790
9133949,8813939
8649123,8330799
9112562,7869009
7437194,7114598
8054118,7784511
8583604,8289716
9182144,5779895
4291886,4041421
4124170,3893154
4509128,4313481
4157949,3939660
4256237,4039205
4103691,3994209
4343762,4080845
4151679,3939976
9553558,9389386
8007970,7667839
8873062,8155632
9395277,6017274
4558653,4172916
4359900,4137667
4118893,3989892
4258806,4108661
4620794,4030021
10594268,10413345
4524697,4374200
4101435,3982009
4377540,4185596
4141159,4023102
8537458,8422169
7323702,7210603
7860032,7717609
8334363,8168714
6336876,6217392
5388074,5269455
7753511,7640203
4721340,4506245
3997637,3886515
11265168,11046934
5971551,5745727
8184318,8043722
10060535,9934305
4129334,4017736
8098509,7863187
6307749,6081681
4250213,4143487
4153156,3929756
8656400,8544398
4403281,4140140
4568835,4343287
4943310,4821982
8520658,8292798
7762062,3935799
8457315,8326678
4212289,3976821
4075397,3964520
4108248,3985873
4300655,4023852
4031636,3915021
6382628,6192486
4261727,4120270
4228582,3995566
4131609,4012447
4178541,4031125
4292545,4032887
8628954,3876015
3982122,3811844
6042998,5894743
10625383,10470281
9901521,8351932
4849658,4713847
13738966,8958126
5761100,5483187
4347577,4181986
4135037,4015483
4057719,3942991
4087620,3968548
4165994,4039826
12618338,12458589
6926425,6804009
4165946,4024593
4039016,3926314
4215717,4105378
14612889,10014442
4103870,3960895
4188845,4034525
8795001,8523351
4154918,4043633
4178353,4060120
7404656,7283063
12571946,12461640
7604480,3919755
9476247,9336203
11229675,8026780
4469316,4299927
4231132,3968537
6004005,5697379
4081239,3869317
5471745,5323373
8987528,5086001
4192723,4067380
4188806,3950997
9070483,8901808
4169930,4051410
4909885,4646516
9151350,9008561
4180301,4040440
4408979,4165569
9031529,4050083
4080652,3962952
4360273,4182232
7966189,7744322
5759644,5614469
4099545,3974137
4275118,4023809
8912066,4085879
4332941,4201529
4215916,3972851
8620542,3932253
4374557,4245504
4236818,4020951
8920071,8739846
3979812,3867768
4261708,4095186
4209569,3994473
4240735,4108537
4602254,4396884
4119732,3995709
4409313,4156463
4372807,4203883
4597011,4448116
4389460,4145092
4463167,4201774
4450288,4301611
8760798,8649839
4279887,4037661
5337593,4392055
9532812,9245886
4285979,4136402
4143015,3927328
4180771,4028016
4064468,3943768
8646815,8408037
7922636,4434153
4362278,4208648
4877713,4139796
4009164,3899157
4253838,4086534
3998356,3878070
4016063,3903784
4405540,4110060
4118630,4004813
4081404,3967115
7695803,7552584
6532698,6411619
4175503,4057785
4438451,4278373
9818997,9624192
3981364,3873765
4201352,4062385
4335685,4077379
4163492,4049870
4290915,4123019
4035622,3920157
4090146,3879957
4374090,4188496
8008077,7802365
8362227,8051723
4374334,4111891
7188275,6973034
8327381,8029615
4333279,4176709
8006259,3903576
9015382,8741340
4184953,4068352
7765108,7649641
6958171,6731420
4197012,3982441
8330239,8213014
13814861,13662716
5311432,4496216
9809493,8962974
4165076,3938910
8977041,8807696
4391633,4131839
4201082,3965924
4401233,4238661
4407875,4128447
5037438,4687402
4137138,4009987
4432475,4141483
4160082,3936600
4255923,4024737
9017115,8843493
8827175,8540641
8622997,8372676
4496667,4318404
4181978,3963971
4418230,4138181
4174022,3906028
8077504,7792088
5215127,4981550
4669534,4408789
9453153,9280205
4138552,3915727
8963278,8718831
4478293,4334091
4369908,4102855
4401378,4135991
4315801,4175582
4334640,4059429
4158749,3934770
4357086,4125941
4242911,4006356
4417108,4132163
4157669,4023127
4325796,4099671
4290896,4052237
4086754,3957979
4471723,4168990
4270754,4019862
4792959,4073137
9652211,9465004
5249767,4914223
4362595,4107532
8968488,8819374
4441242,4160308
8437570,8248581
4957115,4692650
7801595,3938200
8807164,8529495
10393441,9294579
12074600,11754608
11659559,11003608
13930060,5974599
4218099,4062291
4044176,3830001
4660377,4315972
4512366,4351307
4437924,4162038
4213263,3980296
4620477,4435511
4193968,3977739
4375358,4107060
4274600,4092213
4186650,3964409
4432974,4169063
4537199,4374137
8919937,8589020
7157947,6853448
4369996,4194444
4407853,4097527
4451350,4171545
4348686,4171597
4533693,4244277
5867428,5444678
4273006,4119976
4221776,3984789
4397593,4132165
4322031,4194659
4155466,3905681
4250897,4032650
4609768,4435375
10242532,4596554
4297957,4169544
4582570,4430493
8747764,4238767
4525160,4357364
9162619,9002567
7927536,7764038
5484791,5352885
8347677,8151593
8679613,4998213
8131980,7947708
8323758,8174979
4462288,4212524
9147961,9009409
4440260,4242958
4131051,3906333
4399381,4189076
4060063,3951362
4354980,4085805
9445809,9136218
4433737,4231234
4150595,3907725
4255163,4004852
4560441,4407872
6009172,5653781
4185829,3958317
4768867,4071210
4153797,3939967
4482085,4202773
4054359,3835562
4511822,4183156
4186089,3960690
4267238,4012262
4284597,4055749
4764394,4429588
5295503,4933856
4261050,4020897
4576791,4293295
4265393,4033753
4312621,4035747
4270233,4025954
4661753,4333660
4383897,4145986
4138039,3902666
9008135,8728488
7996902,7680530
7585559,7339220
8176336,7884534
7718311,7465808
8318481,8051842
8957284,5371279
7244036,6967300
9328517,8939150
10931639,10655998
7450413,4961134
4306955,4074747
9004934,8843302
5972472,5610961
4465397,4216871
8934989,8819174
4040095,3922426
4164771,3937070
8815449,8581754
4444048,4298262
4122224,3992189
4211387,3993949
4178254,3952209
4244539,4107078
3923457,3810042
4212819,3998693
4223675,3992779
4227261,4069032
3998385,3883530
8977319,8737046
8425024,8114168
4326687,4172223
15350488,15025366
12081600,7978304
29225790,12318231
5933191,5749840
6428466,6203016
4216445,4049438
5311326,5191739
9991863,9818639
8052620,7905680
8380795,6404146
4078958,3965734
4242547,4088471
4018149,3898985
4133905,4013799
10717035,10582579
9157611,8428028
5174718,5013578
4104241,3987251
12525442,12386923
6998569,6329898
5263688,5137534
9774516,9607836
4439141,4256739
4366332,4221602
12403348,12123086
4649552,4532699
4316318,4151846
8270723,8066754
11280501,11137428
4122996,4005065
8632568,8495586
4108505,3998852
4895852,4704906
12113065,11974850
7340705,7223764
4676488,4546324
4203870,4075397
4077547,3952432
4026109,3904540
5786963,5670512
9648809,6214770
6495770,6374870
4034268,3921967
5671970,5370433
4135485,3999626
7884783,7775896
6935460,6816685
4036915,3911218
4279101,4132556
4036129,3924205
8946466,3906238
9495298,9384698
6602315,6488060
4264331,4107272
4298347,4155847
11183059,6530514
5654801,5530762
4454428,4281294
4304101,4058032
7951802,7834451
9725078,9571625
4257046,4110686
4351774,4224597
8899569,8687876
4172344,4035936
4182839,3958051
4066665,3916043
4144810,3926111
4017311,3900247
4514626,4261727
4210336,4047630
4067037,3851191
3975836,3863760
5844951,5721395
9876060,9630745
8519925,8310813
8962661,7744393
4444355,4139738
8746279,3868622
4053110,3939265
4074186,3858248
4303818,4160209
4192784,4048850
4206345,3960937
3996584,3882096
4327680,4061227
4365489,4117470
4055321,3934357
4148522,3926688
4175072,3947654
4298013,4182009
4458738,4137255
4139423,3898677
5932342,5583567
10421657,10298628
8456561,8190274
9223912,5755895
8425676,8130294
9273966,7070361
4267438,4031639
9246429,8968726
4297857,4024454
8966111,8838177
8238046,7999270
5074558,4810521
6912342,6662637
9034043,5876090
8728138,8104527
9557608,6847429
4324970,4192000
4237469,4003834
8765772,4040084
4090445,3869493
4316146,4067927
8752636,3944774
3975797,3863241
4420306,4165975
8991243,3945264
4740254,4576611
4224941,3990222
8748997,4024479
5114187,4853874
4133661,3905728
8701703,8549257
4065924,3924967
4313744,4069142
9919141,5000772
7151916,7025358
4229771,4088302
6535443,6290321
8848550,8628880
7262105,7141426
12862572,12641578
4319951,4072165
4045026,3919508
4202742,4065465
4227641,4016812
4373773,4197153
4436164,4295778
4593163,4295125
4031220,3909783
4395984,4239310
4755903,4480917
4281222,4148544
4127232,4008800
4318092,4041481
4035861,3914344
4148199,3989314
4159512,3936389
4305704,4148875
4203451,4057283
6116766,5750027
4244749,4041381
4071687,3954301
4627643,4351566
4060045,3911368
4379817,4206136
4593712,4316280
4248888,4090658
4040175,3926272
4459546,4304208
9152110,8859160
4407671,4238956
4066520,3942742
4595331,4294238
4064450,3941548
4150363,4028319
4099655,3860398
4388792,4189747
4217059,4101403
4183696,3940287
4181958,4053785
4094768,3960827
4109459,3866006
4324495,4138222
4279747,4117484
4181590,4033016
4310578,4059602
4463841,4269696
3956119,3843428
4530844,4199950
4219941,4060535
4372878,4196758
4252683,4015374
4409189,4244111
4692950,4563940
4464268,4171574
4014979,3878205
4865445,4647950
4314443,4090880
4392781,4213620
3976231,3865086
4236586,3978260
4858078,4668345
5935092,5695647
4325697,4100906
4485045,4296829
4281007,4125643
4267994,4011913
4283531,4140866
4391411,4085963
4138806,3914030
4519629,4358257
4046809,3927926
4219897,3986465
4058197,3928127
3973316,3855060
4554178,4291968
4152929,4027351
4176428,4056787
4288850,4043953
3951620,3833137
8110302,7939589
6350857,6120526
7205230,4003676
8704693,8492562
4349758,4090455
4049286,3928080
4187415,4033431
4212716,3960552
4439758,4262912
4036864,3918933
4016039,3889968
8639877,8364217
4089413,3966695
8604717,8444505
4234572,4051114
8984301,8683542
8277146,8061096
8563903,6694505
4189635,4070230
8889842,8636034
4156825,4002360
3941864,3831676
4037635,3915367
8655594,8391784
4206932,4059165
4055236,3942435
4309521,4053800
3951167,3838067
4761131,4526990
4454446,4146104
4450879,4241646
4169072,3949581
4457098,4176527
4073132,3952383
4361970,4097175
4044270,3820878
4277313,4120851
4199709,3974237
4473758,4188592
3969158,3856836
4638203,3999497
4392018,3826177
4136389,4018053
4374359,4120145
4574186,4302666
4109908,3997024
5897422,5562654
4141774,3930346
4249365,4087473
4180982,3948399
4625478,4349754
4075369,3954023
4415136,4158889
4325990,4092737
4335401,4182191
4122534,3889867
4583804,4335661
4056179,3945184
4292579,4077911
4245114,4028734
5775072,5566657
4311234,4086917
4228528,4001638
4012318,3902343
4346545,4106706
4434506,4187267
4201134,4045278
4387548,4092407
4185869,3977036
4241165,4101870
4363249,4102804
4455357,4178712
4122195,3975822
4901775,4283120
4622013,4034603
4300718,4062729
11906854,11768922
4231366,4093206
4084168,3969802
4269551,4125091
11033294,10814449
4384266,4238724
4508397,3998678
4060062,3959046
3991710,3878642
8493316,8275693
4286144,4119062
8747208,8609564
9650427,5705527
6930785,6783214
11579753,11339569
4009016,3880527
5295719,5188346
4118905,4008391
14098673,8471290
4250602,4094566
4004071,3889900
4076448,3974382
3976113,3847469
12589865,8144179
5741577,5531456
4057626,3952567
5729327,5617631
8342358,8239827
8336638,8133403
13757494,10593778
7351530,7225125
4409499,4225681
4556239,4205026
8025817,3876437
4653750,4468134
4016642,3889521
4335248,4093944
4098303,3971116
4018318,3903211
3984210,3875786
4493331,4318391
4096717,3928035
4163633,4004324
6198326,6053583
10706113,10582419
6100754,4028991
4082706,3970550
4779093,4637549
4137864,4031906
4442643,4214561
8959476,8832697
4220870,4052910
4018027,3900874
4555901,4406338
4208159,3981019
4264367,4129815
13547278,13367436
8628409,7321302
4207690,4059387
4121106,3987378
4949180,4830885
8568648,8426678
4137485,4020447
4101207,3988766
5327123,5202540
10036307,9782708
11487122,10849946
12821009,12583376
7650313,7423400
7881521,6745334
4394329,4166468
9266232,9109848
4252679,4119477
4053569,3843632
4004400,3895280
4136275,3996176
4170709,3955416
4081106,3970320
4282110,4117759
5774932,5469750
4182779,4061061
4178109,4045584
4292992,4069391
4160981,4007851
4366613,4193668
5110861,4837888
4161315,3926982
8640139,8497130
8174703,7915940
8153480,7926140
6949877,5800074
9336963,9167285
7283946,3870036
10469177,10071353
4157807,3922004
8746565,8632296
4231566,4012886
8843140,8676785
5046460,4745117
9740976,9580753
8412535,8234740
8295302,5126883
8047150,7871679
8125778,8007167
8795562,8440366
8503781,4917685
7892935,7727558
8168137,7927546
8382650,8230599
7940110,7825068
8117538,8004276
10100993,9848948
4224636,4089219
9568619,9343430
4146944,3921067
4125803,3899113
4038888,3931233
4067833,3931040
4064975,3848705
4348240,4068522
4227013,4101806
4201118,4085483
4188673,3972924
7993368,7824943
5609857,5491702
4228085,4075561
4457038,4205119
9482238,4481887
4455401,4320819
9103765,8867006
9932610,6230783
4369824,4145002
9454640,9288126
8513315,8378771
7315663,7026797
8193091,8007055
8524018,6477471
8312746,8085751
8895667,6236674
8670721,8291151
9247780,6862678
5938733,3955082
10219755,9846519
6835229,6718490
8652718,8517059
6506385,3924476
8770172,8475549
8282136,7802181
8840005,8681547
8361744,8113651
8966895,5058026
8259941,7990292
8798096,5232716
4246053,4027977
8752252,3993951
8432982,8200012
9327951,6335345
5535672,5315585
8655992,8521093
4077956,3952369
4434154,4159169
4183222,4062841
4265814,4123429
4596931,4236685
4045374,3934341
4244574,4102781
4084628,3862419
4277717,4103457
4038911,3931025
9862911,9496691
5330612,5214072
4148698,3933348
7534818,3935425
8580545,8444751
4398782,4170525
11382521,8860728
4189379,4071453
4121786,3907053
4266666,4115564
4118035,4008273
4351147,4109014
4034390,3918141
4211081,3983481
8757348,8633690
8462736,8211093
8980165,6645997
7274791,6691697
8955117,5906239
8611435,8330468
9245020,6684697
6987600,6750772
8829228,6338082
8304190,8053500
8866019,5814912
6987259,6764498
8785358,5967105
8190804,7968236
9019259,6187956
6733571,3898641
8487940,8256457
4121737,3918659
4017635,3917186
5102667,4797568
3927137,3818373
4296425,4117756
4440331,4179869
4302347,4140269
4166617,4034921
13056666,12658158
11212360,7853778
8253803,8079189
8646687,5756896
4346375,4196426
8696517,3949219
4436456,4176191
4108599,3993554
4323330,4055644
8784375,3962190
4166612,3942365
9100341,8923906
4859025,4632820
4584557,4322342
4269182,4115547
8854876,8675054
4861653,4532223
3994450,3875842
4298500,4170630
4038441,3823626
4059743,3937514
4246541,4105472
4335173,3985486
4322032,4208613
4205302,3984241
4056911,3935602
4116556,3999051
4117619,3911169
4205101,4085960
3931725,3819304
4114017,3886795
4223234,4001819
4161455,4044837
4618316,4344001
4182416,4054200
4548742,4435468
4535674,4258569
3960707,3851676
4479552,4327016
4141669,3925749
8598243,8416181
5164841,5044963
7377295,7102810
7321878,7194076
4293381,4149855
4144128,3875393
4419283,4236980
4301638,4066523
4198168,4051911
4275833,4135359
4409545,4110935
4103816,3996743
4374141,4209553
4036265,3827884
4073300,3948054
8598777,8453434
8326963,8084201
8354890,7928530
8133112,7925509
6474941,6259758
6156180,3922666
8593828,8424148
4357410,4108911
3938642,3834844
4305611,4150524
4130364,3856428
7875729,7740185
7608230,7490403
5556900,5412500
9029750,3981521
4491558,4341116
9276684,9073245
4229218,4106983
5458838,5241858
10391110,10098309
4342437,4170401
4620282,3967772
4206532,4080187
4135376,3996288
13369339,13203772
4467307,4280769
4182943,4036079
7836578,7716943
7201773,6986338
3893458,3774599
8091678,7979699
11434857,11310641
4022736,3892815
8611884,8452600
9619222,9457325
6893919,6686334
8295879,8142470
7366849,7114802
4029198,3909457
4295756,4158836
5338129,5117497
4254133,4036119
4329405,4162973
5252414,3883591
4085481,3960422
4348778,4127244
4568481,4258327
14862165,14511714
9357746,5695275
4230139,4020535
4176409,3981921
7845377,7677730
8408610,8150836
5203617,4996132
4027132,3920314
8565604,8405233
9435465,9299760
4133687,4030146
4455376,4295593
12541223,12408361
7033613,6892168
4306374,4189675
4127634,3936377
8377046,8263378
4097951,3980459
4197955,3972048
3979871,3872100
4130105,4017529
4088718,3973551
4303939,4074140
4070980,3946728
4271738,4125038
3939974,3830496
4179225,3952051
4039583,3913885
4326968,4079108
4003625,3888980
4233929,4110367
10480458,10140405
4207348,3993868
4360081,4195244
4270841,4156901
4229118,3999743
8931861,8698902
3997642,3887088
5891568,4623012
10506571,4077858
4331140,4047207
9027690,8871520
4122538,3976281
4118680,3912976
4198153,4075420
8819013,8674418
4118944,4006628
8843202,8604891
8357859,8165806
8454970,5850185
4011603,3892174
8860091,8568292
4022611,3906654
8533297,8293637
4003414,3892245
8491462,8235859
4130808,4007235
8899106,8624358
4603475,4313111
4719614,4196152
4505236,4172391
4261294,4047195
4329227,4143691
4186921,3962896
4519576,4227561
4166707,3953454
4629158,4301076
4153513,3934724
4436907,4138681
4382683,4122300
4776848,4155081
4240398,4080792
4524367,4325546
4165719,3936442
4417503,4255090
4213792,3969786
4034729,3918916
4354527,4090082
4451980,4182684
9002018,3972428
4049946,3917097
4359369,4136100
4450720,4211554
4235677,4085320
6181481,5895420
11050098,4276497
4153157,3925149
8973123,8676308
4342282,4109025
9303931,9127589
8308705,8105317
6152402,5918697
4507415,4274283
4112697,3996119
4692499,4361930
4027438,3900308
4394921,4212328
4265390,3985871
4463834,4257907
4302644,4149077
4384391,4123533
4301142,4133850
4346617,4156383
4209813,4002267
4046997,3916789
8745125,8556197
4216890,4093742
9717374,9433862
7778287,7585765
5939497,5786375
4083358,3957533
8828071,8531360
7220539,7016418
7478235,7357960
4167138,4011809
9167660,8860775
4724209,4527281
4468782,4182079
4134575,4019944
4428098,4252082
4173289,3961336
4404625,4175660
4177251,4056555
4213276,4077043
9191522,8903187
8509722,8254510
8910067,5326013
4197486,4071834
9298063,8947415
4335303,4176471
4327638,4080755
4207702,4078017
4351021,4186096
4474055,4184214
4218651,4076414
3989826,3874787
4914398,4667723
4194923,4065126
4408778,4219165
4083018,3865370
4183241,4057245
8802680,8604008
4414149,4109660
4120467,3893201
4233575,4003646
10714973,10415496
6960065,3955118
8748405,8463290
6820812,6604511
6678581,6559168
7366324,4103447
11947742,11703381
6380798,6173144
8578458,8401097
8413449,8177361
10035711,6530394
4992473,4777411
10417298,10219001
4244438,4021493
8823839,8649951
4164358,3935244
8851242,8686778
4329711,4100864
9077245,8916396
7250550,7076167
5780725,5551267
8341280,8097486
8699559,4930854
8251118,8092005
8833743,7311589
7724828,7550852
7562190,7443686
8405071,8102045
8771594,7552603
4121865,3903776
8814538,8692303
4316124,4096062
9020895,8872204
4211346,3992677
10442518,10187178
4427366,4264583
4141146,3926779
4206261,4071185
3959465,3848006
4304372,4056424
4051547,3936622
4140584,3920667
8986897,8811246
4159085,3938313
8810991,8655596
4252070,4021968
8747147,8615678
4389012,4140420
9144487,8926887
4365437,4141204
9101501,8960602
4302180,4085953
8889291,8761944
8173521,8037182
4889340,4661361
4153260,4038398
8652139,8526679
4323764,4195446
8723201,8511534
4034521,3909508
4110668,4008989
4725265,4539520
4337276,4206866
4117681,3999582
4111260,3989068
4112252,3976554
8681129,8528168
4328750,4190195
8850816,8713371
4450368,4217455
8784314,4043410
4488709,4077319
10407919,10000976
4775738,4596564
4135507,4022693
5958973,5657857
10782006,10545490
5844438,5546266
9101428,6842994
4113562,4000740
6663303,5163443
10709048,10452676
4469744,4208874
9452996,9302104
4342776,4203715
4234299,4085370
4070302,3841758
4071328,3964889
5505331,5332045
9763914,9611963
4419320,4167418
4279302,4121349
3957574,3843848
4057154,3940414
5302928,4967709
4069522,3954193
4143681,4006732
4230755,4092003
11404782,11244341
7162201,6639363
4361644,4091359
7824045,7299815
6778286,6661885
8388979,8145875
9883048,9766855
4081839,3967146
4219500,3969616
4082645,3970963
3946631,3840760
4106658,3891194
4292833,4137998
4375392,4240866
4142534,4027639
4340242,4089069
8886518,8742091
3974603,3861762
4094074,3978410
4193363,3984949
4105941,4009542
3973428,3858480
4335844,4090611
4054811,3925634
8464641,8338570
3873929,3762555
4281693,4084607
4167828,4045558
12852637,12635542
7223597,5389781
4336094,4186624
5500360,5336597
9938462,9806199
4121361,3986844
4010056,3846636
8412409,8256035
4029745,3916365
3969318,3861718
4307927,4173132
4097543,3980907
4119217,4005150
4021103,3910891
3962431,3851166
4060106,3938301
8654020,8505362
4042694,3912989
4227047,3884995
8655831,8335366
4427659,4241638
4392121,4234499
8836002,4003995
4221631,4006398
3962223,3852383
3984782,3868260
4249598,4043931
8681452,3968932
4319504,4172889
4148057,3967828
3973533,3868669
4204955,3986315
4205378,4064728
5885215,5688338
4092771,3973762
4069309,3954066
5536173,5369138
10151458,9916632
4017587,3906090
4200547,3982653
10390927,10156170
4097116,3884619
5350413,5094998
9726071,9594649
4208147,3963437
4091788,3891522
4555929,4300353
9251092,9093032
4526144,4260631
4380573,4142880
4161078,4046968
4725341,4497863
4319488,4044270
4038041,3925732
4423565,4108363
4176331,3904430
4228539,4117762
4192100,3991639
4272858,4018777
3985718,3875310
4362350,4122176
4138434,3906619
4382641,4139621
8795987,8682029
8232118,7988978
8983202,5290508
7339799,6926630
9009199,7757963
4382750,4148498
9021972,8768049
8383892,8110435
9186775,8010577
8315862,8054826
9193894,8894490
4286191,4136293
4089070,3879220
4170366,4041014
3972620,3863745
4335753,4088150
4175630,3955636
6199681,6080390
8598448,8484403
4246004,4024200
4058038,3941239
8595418,8380361
4257246,4107346
4301022,4003751
4080804,3963963
4177515,3965808
4224386,4013969
8864156,8744835
4081977,3963369
4202708,3985425
4065849,3852556
4194264,4063867
4454729,4215867
13330907,8772293
4093000,3882755
8024685,7889039
8214737,7941875
3873145,3760638
6400799,6182634
7825211,7715654
4119489,3887503
4207263,3959370
12248916,12120924
6237540,6063762
4183431,3948642
4020721,3798229
4194531,4090202
4354704,4232894
4268952,4048910
4144711,3947455
4211834,4105247
4094818,3955617
4971515,4320453
4285047,4046819
4149281,4042300
4077997,3964673
4276975,4074124
4126225,4014295
8756568,8498525
4220443,4091639
4259763,4118479
8977544,8700794
4335911,4113977
7926804,7766139
6200405,6081656
7334957,7103390
4716511,4091110
4210780,4070722
8522460,8419476
4184039,3949344
4028187,3913685
8778289,8185511
4117966,3974551
4112018,4005598
8315461,3837987
5046621,4857650
4174794,4032629
4153920,4020806
4895187,4627945
4133089,4001002
8664984,8543818
4171538,3946163
4129030,3896980
4290526,4144659
4264342,4048489
4220726,4009395
4163873,3949377
4138160,3905723
4276325,4127547
4361598,4099324
4062541,3939118
13267387,12976543
11176983,10973683
10357421,10142007
6615529,6380797
5736110,5620791
4239961,4014511
10637154,10277526
5378794,5210003
8335709,8092771
8246619,7595762
5569072,5416282
5281534,5011396
8204369,7972068
4156039,4036375
4121017,3887080
4340130,4183866
8903725,8672029
4065442,3957651
8560353,8328142
7210359,6968879
8074643,6931163
7716800,7437800
8266197,8039446
5456686,5263616
8233109,8008351
4342827,3960250
4156857,4044171
4503357,4199517
4251428,4035490
4097030,3972682
5875935,5521591
5366374,5056136
4274731,4133063
7715858,7475405
6493663,6217843
4213122,3979101
8921331,8782842
4215435,3994062
4294554,4072136
4178732,4048966
4225162,3954074
4243739,3908204
4147191,4034566
4402788,4155309
4247459,4025517
4115097,3958176
4289362,4044525
4200142,3967196
7226607,7112710
4379551,4097075
4198124,4084584
4236296,4118991
4061200,3952093
4099296,3977187
4085974,3966390
4549371,4390226
4070688,3961600
5172594,4885030
4146239,3928918
4064329,3951256
4461650,4304933
4190918,3980796
4042078,3938089
4082173,3954995
4184072,3973545
4132640,4012629
4166201,3961381
4317327,4097345
7993057,7750694
7990277,7772245
4641967,4473884
8194477,3980253
4431901,4186474
4437193,4300034
4304896,4031866
4354860,4134319
4370009,4199868
4251455,4008589
4264060,4030242
4137657,4031509
4088300,3842264
4210841,3992255
4019466,3910331
4112342,3903142
5805020,5499050
4336552,4161707
4070122,3856513
9481794,9255244
7351087,7150459
8058182,7602762
8604898,8008399
8972872,8750886
11384412,11192883
7299929,7137116
8063198,7852460
4158675,4028012
7505347,7268638
7857373,7743804
4120087,3910930
5383277,5123387
4178232,3905724
8497660,3861808
4350818,4205138
11984012,11855946
6381671,6161205
3983900,3866485
4206208,3978160
3978643,3870136
4040215,3826669
8507060,8392622
7229701,7090961
6706736,6470625
7162090,6957404
8473532,8363811
3935411,3822448
8284070,8104828
4249717,4035462
8647915,8443977
4005072,3897712
8201729,8071861
4465772,3867325
7475842,7265166
7481586,7352612
10061194,8934475
5770269,5659038
9319449,9105124
7726929,7584745
8089101,7890987
7800664,7676844
3969316,3857960
8310025,8048573
7897998,7670597
4122859,4007495
4016684,3887235
11789175,8147807
8080073,7966766
7141412,6430638
4363938,4122477
7570179,7463983
7538951,7429459
5277216,5162664
5981520,5865732
4331936,4084231
4066829,3957316
8628924,8403461
4115469,3927487
3960944,3842718
4188812,4058369
4535151,4333257
8835790,3850576
5947613,5835170
8692660,8431573
4060623,3953930
8509723,8400554
10744219,10508809
12886694,5984649
8346653,8185327
6835215,6576545
4237075,4055776
8600104,4074688
9095972,8948183
5829633,5709200
8181148,8015131
8983407,7825704
7709776,5636523
8344720,8231703
8314788,8122026
8865646,6004441
8356408,8180796
6652105,6523015
5640514,5385659
8578008,6463083
4241871,4078052
4140063,3932080
4398195,4145276
4074892,3960666
4350820,4079619
4242103,4030554
4532053,4345956
4248999,4024891
4717060,4101409
4056751,3938978
4414796,4237087
4043723,3915264
8997868,4353400
4172680,3983803
12501351,11861092
5105970,4997682
4080612,3966605
5328366,5109897
9832717,9719981
4244996,4019160
4117180,3898090
8588954,8463959
4551083,4293934
4300742,3973765
4369369,4130239
4607164,4388783
4133346,4018744
4166212,3957292
4223463,4074003
8750359,8508066
3873088,3769041
4293819,3954569
4103504,3869075
13170275,12862126
4325746,4212425
4367377,4134652
8887501,8774307
8276664,8037771
11695528,11471494
8154942,7946163
6146247,6023436
7941362,7834895
8514926,7220846
3968823,3858792
8286587,8165822
8156253,7830849
8607936,8197549
8178562,7997275
8476602,7295221
6372321,6171251
8720000,8403825
6429031,6139069
12193547,11700386
9991965,9732367
9008963,8368972
4353723,4048695
8824704,4110367
8307135,8048262
9179093,6275510
4553670,4262617
9020372,3941759
4321514,4058608
4507554,4187680
4153784,4031780
4388653,4152810
4274463,4030283
4062701,3948087
4600765,4334636
4318986,3931682
4287507,4144206
4078510,3871326
4274681,4143601
9012899,8694033
6302390,6066623
7336030,7197738
8180225,7895724
5910983,5679757
6613091,6486321
7346767,7134665
4368747,4102736
4166126,4047138
4265513,4051328
4190753,3970141
4223891,4087006
4310574,4091734
4316440,4046832
4082121,3945124
4198193,3948484
9153227,8887357
4495237,4255795
9320286,9182514
8477856,8233598
9187051,6402600
4151668,3907542
8695578,8551177
4370828,4122667
9121839,8773380
6558414,6410462
6808577,6595936
4434413,4294351
4146173,3910864
4163125,3950463
4135799,3893860
8930413,8773341
8551570,8269316
9184406,4802061
4429951,4224206
4161812,3926592
4521582,3924672
4282783,4175080
8640161,8398527
11551463,7173832
4306373,4082002
9112968,8942401
8390384,8124572
9043131,7046362
8360283,8085821
8885248,5882865
7714752,4001763
9198275,8504775
8676460,8493211
9740848,9257790
6852106,6609663
8966799,7688875
4182449,4051295
5337095,5027244
4232446,3995963
4281597,4111519
4224654,4009291
10459415,5645220
4311344,4106890
4652608,4384606
4193703,4054462
4235201,4052692
4724477,4394641
4011777,3884194
4169878,4026162
4229695,3987098
10128342,9842107
10640852,6253200
4303532,4030394
8840169,4032359
4181412,4036749
4212748,4001634
4196958,4073774
4173619,3949478
4197083,3954939
4122829,3949116
4015775,3892911
4250158,4035217
4174517,4054833
4348107,4185213
7881013,7623857
10289403,10064901
4275194,4170573
8667320,8420837
4350418,4095549
5717762,5480984
4375879,4190700
4235008,4005126
4125387,4002012
8712527,8511136
4289217,4041527
3992372,3872911
4225308,3996699
8932831,8795417
7763446,7600968
6659970,6437506
8358789,8182581
8824312,8004729
8099444,7886194
8638912,7377770
8096391,3945984
8762797,8496122
8675631,8408028
9103506,4712006
6702001,6229694
8709332,8444806
7999414,7860372
5591185,5474891
7379388,7097821
6933275,6817161
6524547,4154543
8789510,8549240
6515703,6279434
8629031,6968634
8364357,7739004
8793839,8547459
8478864,8244220
8989431,8036333
8541847,8270850
9105578,6112890
4288357,4061066
9134723,8954236
8534477,8197618
9098978,4759596
8177167,8030019
7564008,7348704
8180312,7232949
8681859,8533244
7901215,7516374
5368918,5238305
4595136,3941615
8565281,8315558
4152337,3967714
4124166,3907724
4756740,4310165
4162600,4033273
7858310,7721447
7898572,7660504
8380127,8145943
8813325,4580036
4185880,3962453
3964866,3854047
4133636,4011971
4145118,3913375
4208694,3974773
4252615,4101488
4706726,4068011
4268594,4111100
4091172,3965608
8684878,8439517
8050674,7916651
6760715,6571332
5620951,3898118
7570022,7455477
10352504,10102171
8181653,8005285
7816685,7699769
4475561,4210818
8649093,4465787
4438226,4252126
4547771,4225265
19067180,17093853
20093758,19961015
8218763,8039995
5254112,5128767
8899486,8769203
7244281,7128084
8163548,6580392
9666211,9440484
4248079,4022281
8869687,4130295
4220245,4102892
4339180,3988226
7706823,7560367
5951762,5831516
8191667,8032688
8557101,7245256
4121952,3981094
8527341,3940487
8308856,8029667
7103738,6967050
8332024,8137335
10077529,6697044
4487627,4302635
4072982,3901280
5966491,5681710
10735890,10472348
4377951,4038809
8886529,3963221
4197809,3963513
4162584,3944729
8519339,3879348
4024017,3917470
4332245,4093792
4066846,3856306
7350510,7232070
6401227,6275265
4255583,4020611
4236730,4117452
8935330,8664945
5099045,4920152
4332484,4166985
9184912,8930845
4183138,3925419
4178616,4048206
7489408,3986509
4298430,4078511
4077615,3967713
8557333,8415954
4101631,3967303
4099903,3785461
4340217,4102539
4170368,4047745
4172207,4060665
4030728,3922697
4107402,3896598
7853634,7736253
13871874,13551890
4383044,4256594
4120646,4009998
8488752,8265528
4244519,4023868
8075398,7926127
8584734,4556068
4320192,4082192
6689105,6571657
13524207,13189339
4840437,4174294
4237552,4091969
4353173,4109395
4338999,4108169
4155940,4024959
4216389,4000001
4089087,3869787
4085144,3956747
4580113,4250436
4352586,3947304
4498085,4236426
9249128,9104865
4760737,4442150
9312191,3866024
4508899,4304884
4321219,4084543
4124555,4002905
9067773,8777735
8916443,8674427
8568031,8387209
4331184,4074672
4522267,4188263
4345661,4183644
4306030,4051193
8912545,8771139
4435868,4195994
9002231,8838916
4242213,4021608
8718836,8605462
4202319,4030515
8575381,3985408
4747547,4499718
4280391,4162689
8742703,8515808
8849636,8695275
9756344,9507986
8943948,8685078
10298273,10102189
4608722,4460566
4277678,4053628
4092789,3969158
8716579,8525327
4128904,4009480
9128170,8837013
4331666,4170688
4068232,3947199
4389388,4136998
4188989,4040478
4193410,4055513
4077644,3850215
5254153,5050973
9843013,9654443
5505201,5398925
8840965,8591809
4388563,4207402
4147995,3960119
4350809,4095177
4504660,4084025
4033042,3920389
4283709,4051137
4141834,4018605
9092116,8862860
8289552,8041704
9627961,9433393
4436314,4197475
9044893,8907569
5072255,4862864
9283802,9133798
7333318,3884392
8877826,8677334
8468746,8301837
8138408,5403077
4173865,4039752
8771435,8623109
4068519,3943835
9357047,8459524
4511647,4302120
4143145,4032251
4209628,4086874
9193492,8840569
4233423,4076284
3974751,3859753
4398494,4217983
9196011,8906395
4378198,4233036
8991439,8846106
4032044,3917406
8702110,8426129
4287683,4153438
9214827,9022556
4142158,3928270
9816029,9512355
4194101,4043257
4262699,4046679
4262873,4005656
4042341,3917154
4716759,4402169
