4511381,4312215
4291429,4142898
7029383,4111833
4442184,4178786
4030052,3924840
4259549,4069038
4141209,4021435
4158665,4033838
4250098,4090984
4377794,4238967
4303071,4153479
4275021,4122787
4303950,4166645
4152058,4025373
4096383,3956168
4221588,3992779
4059465,3947665
4498280,4302587
4234032,4102814
5087350,4795383
4329866,4195890
4302405,4105539
4235423,4076243
4103266,3979186
4062202,3938908
4404794,4269820
4112905,3964045
4059624,3951504
4199431,4076858
4145297,3938415
4074930,3952841
4538110,4364083
4389406,4273493
4296245,4142644
4158753,4039161
4214798,4076918
4204770,4024765
4130340,4023701
4337946,4191478
4520533,4354916
4301108,4138117
4329417,4188323
4149109,4023009
4165810,4044223
4274510,4133592
4265407,4144499
4243429,4101084
4467899,4314629
4286469,4133468
4304362,4142701
4456351,4278824
4285253,4116204
4271376,4135620
4343369,4173861
4388198,4211807
4474908,4294255
4170691,4041464
4011890,3871160
4238122,4075682
4400730,4255735
4171714,4064342
4262192,4008139
4679667,4426137
4654610,4463912
4106432,3977425
4073820,3932574
4115522,3999524
4006547,3888958
4234177,4127198
4285811,4147908
4318486,4194388
5403850,5199997
4160141,4024785
4292668,4154184
5010475,4801379
4179774,4059853
4146685,3970991
4174086,4040540
4192942,4064110
4206688,4079271
4180537,3984529
3977407,3864594
4055985,3892867
4014036,3901765
4096820,3951819
4124585,4012097
4270447,4137063
4200391,4090828
4635513,4425340
4160197,3979501
4244486,4117262
4168079,4038300
4390113,4244477
4045598,3883174
4171198,4054606
4052164,3874886
4070032,3951684
4542404,4321810
4276865,4115456
4121806,4007230
4294058,4154505
4062373,3950152
4134859,4019208
4169762,4032746
5711103,5408900
4296555,4155859
4259352,4145402
4169811,4035765
4337780,4192396
4191377,4070897
4265935,4132885
4014574,3901685
4009313,3872565
4019816,3895031
4288429,4135942
4516774,4328082
4451921,4271978
4204989,4035400
3925994,3819154
4456099,4258418
4358113,4206901
4577292,4392824
4436844,4271941
5806867,5577081
4495825,4317910
4242339,4083252
4408966,4249809
4091661,3968050
4257854,4132097
4354298,4175351
4627297,4484252
4131530,4005890
4574923,4341558
4119207,4013991
4294412,4162369
4258800,4126546
4443604,4221976
4258717,4102876
4221747,4103002
4332050,4148074
4367720,4160705
4091435,3971230
4201783,3973779
4033450,3904735
4126388,4007172
4029362,3916541
4161162,4043113
4148825,4032735
4158276,4040483
4023123,3904026
3931178,3823089
5717144,5374116
4453739,4263806
4330265,4191846
4235036,4086095
5793898,5584613
4135777,4013413
4213205,4106002
4345256,4177865
4366245,4183953
4637270,4463609
4872652,4650917
4341788,4202580
4100668,3982652
3995927,3874416
4173378,4034854
4008865,3903586
4110637,3986279
4021931,3910731
4153292,3956949
4254210,4097872
4786310,4588442
4243135,4086888
4177165,4044954
4201281,4062846
4210218,4069253
4195194,4035475
3846390,3751382
4244864,4088693
3991147,3822375
4210964,4077087
4131600,3981472
4021266,3865389
4220343,4101196
4470179,4291298
4162779,4034994
4063044,3910876
4115127,3985283
4256018,4024922
4413945,4277405
4066161,3911956
3944216,3829558
4159800,3994808
4385380,4252200
4324598,4075044
5162573,4987659
4022339,3914625
4812123,4634210
4042370,3929723
4235431,4097122
3917914,3791473
4145957,3929560
4192555,4081704
4270974,4059997
4525949,4374006
4234288,4077736
4126597,4000841
4295293,4120980
4184138,4057377
4254230,4081956
4282996,4142168
4390587,4206959
4180128,3941341
4240054,4085274
4072640,3949045
4222610,4098220
4275514,4119989
4396866,4249122
4002799,3864204
4248337,3991940
4146031,4003103
4285486,4107755
4247366,4111915
4387607,4223422
4771246,4566812
4222653,4097472
4190068,4073659
4342050,4105763
4208989,4080403
4446160,4240457
5439351,5182139
4242020,4117296
4334887,4189152
4501261,4292095
4171129,4056179
4298857,4170301
4176225,4003995
4435777,4290545
4154664,3999725
4186102,3945233
4102600,3988600
4118060,3887967
4586252,4305434
4153331,4028842
4895334,4684869
4643053,4428741
4589891,4390698
4485903,4316192
4331278,4158340
4436797,4256068
4349452,4181619
4510091,4333095
4371634,4232045
4208549,4072516
4341272,4187214
4950495,4736188
4436801,4232238
4418161,4252441
4281514,4162129
4169263,4041071
4186346,4058842
4320016,4138400
4434568,4245815
4440615,4269620
4249690,4124073
4665216,4442845
4416757,4225738
4355926,4152107
4633335,4438632
4303025,4129036
4305535,4116324
4477835,4292257
4466017,4294747
4362321,4176521
4649480,4465200
4525510,4298350
4562050,4393651
4360623,4185237
4348987,4160489
4274012,4115248
4437450,4258248
4333975,4173397
4352529,4174017
4311835,4133354
4713888,4493894
4343386,4183792
4313992,4129214
4526881,4342216
4359735,4161455
4371861,4176312
4532135,4324432
4259865,4120369
4135746,4009439
4392873,4215689
4310300,4130588
4310248,4157590
4474113,4265530
4240920,4066908
4348603,4206602
4448670,4253324
4350991,4186514
4498630,4347165
4805023,4604561
4236692,4104717
4451995,4255183
4279614,4119744
4182267,4033828
4203547,4063591
4361922,4170978
4941112,4721699
4296198,4153106
4305539,4158219
4358312,4204094
4384927,4218276
4600689,4422832
4627407,4421555
4261342,4107995
4264504,4115134
4487653,4307231
4526477,4337191
4505206,4318046
3987248,3875458
4460588,4305479
4323957,4118751
4250853,4089287
4185930,4044305
4457571,4289644
4191695,4053571
4411738,4229120
4418666,4238669
4557776,4364083
4094353,3974435
4252500,4124486
4530010,4338968
4279654,4138271
4176868,3922565
4108597,3995636
4158477,4020039
4632671,4383888
4451424,4263198
4271532,4124800
4238653,4094034
4313665,4163025
4386236,4194816
4413492,4235166
4310356,4170699
4255651,4135513
4144151,3989804
4516001,4280362
4311016,4074338
4120899,3938476
4240260,4058427
4271980,4126579
4687634,4468325
4139967,3911714
4398426,4271546
4130050,3994087
4460535,4300963
5389616,5158478
4220981,4096509
5723411,5505909
3930193,3796156
4087235,3960451
4499955,4292425
4111313,4004277
4147466,4013234
4134372,3893599
4332139,4180411
4233427,4091336
4671006,4507929
4560621,4415920
4677614,4477842
4963194,4797782
4281130,4124304
4324576,4174111
4459547,4295877
4405436,4200631
4414584,4241777
5835740,5607759
4424563,4296224
4081902,3934773
4232990,4103756
4518180,4358977
4199959,4049226
4231286,4096272
4142230,3989049
4479161,4197305
4298031,4067552
4211453,4075728
4354504,4183852
4329065,4183969
4299777,4137047
4867785,4712470
4171402,3948508
4063368,3937807
4088731,3926293
3948065,3788962
4270103,4113991
5417818,5208344
4216873,4080765
4487453,4241877
4320934,4161761
4301656,4186314
4268465,4137325
4660405,4505319
4378589,4210861
4159831,4020297
4066395,3938786
4217603,4077341
4261427,4097769
4368875,4204073
4558898,4362731
4411231,4231016
4409243,4222010
4546823,4330901
4368593,4189819
4529544,4304946
4457429,4277102
4531870,4359449
4426267,4252585
4603843,4414029
4484504,4305779
4387915,4177553
4568613,4397973
4394770,4218582
4575408,4368569
4737977,4516027
4372982,4198599
4398881,4213779
4261818,4095027
4516100,4350396
4388575,4204802
4273451,4100522
4334538,4165192
4429561,4264302
6218117,5930887
4474828,4280046
4403200,4221068
4410585,4241689
4500065,4333938
4337247,4145676
4382175,4202110
4350336,4170747
4649847,4438396
4443460,4264194
4390041,4222413
4345979,4161870
4339238,4163596
4642997,4434534
4550336,4325371
4446781,4254958
4449702,4283500
4433855,4270627
4282144,4108794
4433066,4229751
4861943,4622898
4375995,4184567
5194320,4955781
4362448,4156789
4329055,4158377
4246255,4083755
4507324,4293190
4323897,4152202
4641726,4444505
4441255,4252052
4391728,4222389
5566455,5326920
4445013,4206864
4446964,4238902
4321283,4151985
6054233,5778788
4900364,4667722
4320265,4123052
4571801,4328623
4396156,4227126
4410063,4221367
4502849,4304837
4344496,4164978
4395970,4210806
4424312,4211059
4407966,4213480
4558927,4378194
5053062,4815088
4489445,4302982
4348301,4155680
4642427,4419706
4454368,4269457
4448666,4273720
4427456,4232028
4409092,4245381
4402062,4229504
4310954,4131735
4264789,4108990
4401556,4215951
4296279,4121075
4305426,4137602
4424988,4245275
4464834,4287311
4584643,4366616
4390230,4200335
4299160,4114777
5189858,4940288
4447158,4275624
4504134,4294653
6088772,5791553
4372371,4192759
4397290,4202118
4587232,4371097
4346700,4155826
4515189,4328866
6265878,5973005
4539008,4322736
4518163,4308235
4341013,4163196
4512369,4300399
4379247,4180365
4388164,4206740
4356034,4177408
4219770,4054265
4357373,4195374
4467212,4267595
5937208,5669940
4329930,4146573
4455702,4293982
4460007,4257556
4626579,4403600
4379936,4221868
6067650,5788301
4334659,4161857
4441041,4257173
4289517,4142657
4170254,4047413
4300699,4162676
4819977,4607927
4432668,4228465
4470524,4292758
4925706,4712807
4498074,4318485
4603771,4401547
4191168,4059191
4284939,4144264
4225718,4105018
4409960,4225314
4449241,4281972
4591454,4374896
6783275,4209032
4265533,4113056
4566218,4405417
4347284,4198073
4463799,4324188
4186271,4036794
4321172,4123250
4526315,4335489
4795329,4621952
4075396,3963570
4434362,4269215
4201880,4058783
4320188,4162602
4413738,4181937
5851779,5598539
4226913,4089124
4432073,4276434
4120541,4007285
4178961,4045300
4212946,4078456
4477919,4294574
4682973,4447336
4585244,4409771
4386455,4235693
4230588,4097982
4254734,4140547
4159842,4039365
4296100,4139404
4487154,4300822
4452763,4244336
4482257,4321857
4086267,3967422
4405387,4236454
4383404,4237953
4254100,4124293
4232827,4082527
4480734,4324121
5001935,4727033
4711222,4497243
4077272,3952205
4251727,4113999
4287792,4156901
4373726,4202643
4321916,4152872
4388451,4252133
4372051,4193850
4384391,4205253
4446660,4249448
4206360,4065066
4178374,4041956
4255756,4118742
4337368,4158382
4139608,4010945
4500236,4326623
4447777,4265651
4318711,4141293
4380555,4202815
4374035,4204318
4308731,4141487
4386938,4211800
4163688,4032541
4198140,4076973
4401192,4206061
4631090,4429489
4302585,4142601
4126061,3977111
5590715,5310347
4481463,4300742
4242945,4121841
4293177,4126651
4384170,4183543
4541054,4327719
4562853,4372612
4597579,4387414
4189691,4050354
4518385,4264736
4149592,4020680
4355814,4202915
4025767,3802196
4377181,4218428
5776779,5511784
4131338,3977393
4661059,4450725
4656472,4465729
4257651,4119678
4533901,4354180
4195433,4064405
4578851,4394795
4255049,4140824
4528756,4332871
4216072,4054328
4576511,4410060
4381186,4245785
4365648,4213093
4128250,3988059
4267288,4049525
4508944,4304508
4351563,4177336
4619977,4469197
4106491,3993249
4111570,3999849
4245905,4073260
4185673,4035386
4086996,3959587
4691380,4514080
4312434,4168231
4137942,4022937
4348723,4214944
4189054,4056005
4069688,3951359
4171000,4051615
4053094,3951607
4259145,4091637
4431009,4268040
4545398,4350053
4600306,4416614
4396681,4248789
4308172,4073027
4153735,4024105
4121514,4005574
4638512,4435777
4168019,4046643
4422908,4256132
4207789,4069350
4467694,4282879
4228599,4081747
4136605,4015566
5259050,5040807
4216748,4095586
4208907,4067899
4283033,4130291
4562943,4415195
4350974,4223868
4309628,4145410
4338939,4165392
4317806,4144821
4549289,4390565
4639430,4453861
4549854,4386398
4079881,3950860
4385696,4209301
4411365,4234922
4631932,4410726
4433615,4271735
4408238,4248198
4523278,4309615
4474981,4294334
5053920,4792561
4286081,4128886
4354537,4235418
4357581,4193579
4259041,4112097
4425373,4278741
4171333,4056826
4216611,4025284
4169797,4031783
4121838,3890227
4561744,4339435
4197736,4066040
4177200,4009388
4491124,4327763
4492269,4248278
4084272,3968006
4139620,4022342
4004167,3780650
4198174,4040174
3979927,3865766
4434799,4269194
4093075,3979974
4343148,4175479
4187773,4051095
5293835,5049166
4422629,4270227
4321729,4179542
4369144,4186917
4228817,4091627
4379811,4230061
4332565,4155929
4380345,4220273
4265954,4136085
4105385,3993144
4105163,3984313
4410081,4286708
4052911,3928983
4220426,4079328
4345954,4105017
4119570,4013925
4517579,4347281
4244419,4087997
4329032,4196438
4143609,4015746
4314874,4184921
4406756,4259425
4069262,3948850
4261333,4093684
4235056,4089996
4831866,4608280
4465890,4292092
4252298,4134475
4476695,4352615
4314224,4126047
4410543,4288636
4415145,4254583
4329384,4158616
4219835,4081820
4197420,4077927
3995450,3874635
4039501,3919480
4307049,4167186
4307084,4181478
4457515,4290006
4393459,4256147
4385789,4231184
4191442,4041028
5831764,5617636
4349415,4186663
4438993,4291662
4243193,4114401
4412232,4222113
4368269,4198216
4226700,4105522
4165676,4028509
4219658,4064323
4435435,4267911
4451784,4253684
4122421,3997559
4381100,4198053
4405188,4233289
4485069,4279737
4346575,4164662
4797366,4594798
4466500,4283209
4446179,4244216
4514257,4313296
4521197,4354318
4345786,4140371
4436283,4220546
4504516,4374127
4044932,3936990
4271222,4139791
4085085,3967704
4279637,4137291
4317025,4151497
4269853,4136224
4590893,4418592
4041962,3920072
4309757,4160959
4410966,4255328
4741894,4524664
4442582,4280471
4653976,4439512
4257641,4032550
4457248,4253966
4382191,4219720
4592063,4431098
4256253,4102318
4420407,4266672
4346679,4183913
4450531,4304300
4262473,4111619
4334957,4192863
4651144,4475704
4368146,4210861
4253501,4123290
4342626,4172468
4483121,4313334
4219548,4076446
4394780,4184267
4409634,4245312
4449611,4275156
4095207,3980829
4384925,4233660
4350320,4187205
4317576,4183459
5362954,5185563
4431949,4290207
4306710,4162676
4453473,4228058
4271054,4118895
4360466,4221581
4551461,4391398
4273921,4143481
4222622,4086004
4334572,4145610
4189717,4045842
4155318,4020001
3985805,3868931
4319234,4182735
4272500,4116866
4411667,4250701
4509080,4274476
4772021,4569317
4110104,3997847
4293265,4172971
4256347,4100722
4304072,4163822
4445402,4275132
4437764,4283968
4174573,4051004
4219690,4064045
4450135,4253461
4592002,4403882
4379298,4222874
4372996,4160736
4202622,4079184
4217031,4100419
4166213,4034533
4768501,4604898
4343110,4195883
4187443,4052140
4444154,4273523
4189978,4063093
4239882,4080506
4303615,4152742
4297014,4157275
4472562,4308908
4367441,4174083
4301644,4142959
4378465,4182718
4121239,3986037
4245220,4108418
4265879,4117449
4530836,4357819
4290181,4161004
4316046,4140783
4248282,4096944
4554878,4385424
4381933,4205659
4602315,4397682
4278565,4099021
4284260,4129429
4518641,4341447
4178724,4064598
4328077,4162585
4283346,4131609
4300702,4178513
4424226,4252587
4038748,3914733
4232649,4110574
4301351,4172929
4475746,4277848
4318760,4184579
4363307,4220599
4020360,3890952
4314279,4171711
4439622,4278705
4144091,4005786
4395915,4247252
4708507,4529993
4234172,4094966
5851679,5643086
4351813,4189994
5416475,5200835
4450227,4256778
4263381,4120480
4148325,4006355
4217749,4088705
4779635,4595563
4244212,4102535
4203978,4085870
4360781,4203025
4293070,4148026
4210510,4068225
4595874,4400877
4345404,4175160
4111837,3967563
4822584,4640663
4423538,4244661
4254664,4124879
4285297,4129098
4348714,4184789
4363347,4232876
4241543,4097536
4096804,3965353
5939081,5657590
4522209,4313047
4310467,4139536
4230174,4085439
4283510,4124748
4330308,4162551
4397975,4222677
4918754,4705837
4881382,4657812
4224001,4115260
4126530,4014210
4233728,4082553
4075940,3963076
4706174,4449025
4439282,4284061
4155993,4035459
4283986,4110809
4150886,4040805
4089111,3920590
4112716,3943855
4171330,4017071
4302739,4181398
4296029,4155403
4197839,4078153
3934442,3819752
4089028,3972530
4679618,4511537
4446212,4254852
4311812,4150663
4351164,4174451
4239498,4109911
4684743,4494591
5782971,5568352
4445872,4298182
4251011,4097472
4267507,4124512
4239811,4118955
4025936,3872050
4120995,3993918
4459813,4296489
4100256,3980534
4375948,4208788
4419075,4260898
4987523,4802822
4477047,4299057
4275298,4162687
4280256,4171436
4094307,3988159
4329249,4201754
4425714,4272065
4315090,4173576
4272990,4118554
4151946,4033421
4032644,3929397
4134725,3993028
4615667,4448689
4321637,4161469
4073412,3937850
4405881,4235603
4412374,4243047
4130554,3991477
4299074,4176503
4274298,4087872
5553491,5317173
4221492,4008046
4324049,4180371
4159946,4022974
4537494,4292919
4261275,4110953
4297180,4171153
4280445,4124794
4441400,4290641
4093708,3973067
4297208,4149906
4391634,4220857
4397221,4266897
4177579,4026143
4122673,4010744
4165631,4042319
4248944,4098275
4227549,4000547
4263359,4105254
5495496,5253240
4289331,4162272
4272414,4117147
4317866,4143420
4169193,4015583
4271141,4105980
4286660,4086778
4414994,4210813
4406471,4228819
4228749,4090020
4208611,4078833
4256346,4012203
4184463,4043889
4221302,4095656
4306398,4134563
4332452,4184005
4048303,3907680
4209366,4074347
4082697,3966033
4383874,4238446
4230560,4092946
4224801,4104293
4112255,3983614
4253202,4094855
4006018,3880154
4335231,4168244
4132147,3992081
4204695,4082280
4151544,4040401
4157456,4022394
4295820,4139845
4174919,4023905
4088817,3966099
4231522,3979945
4287755,4150537
4208533,4083638
4304636,4120616
4358163,4199327
4466466,4286833
4604138,4408698
4309012,4188066
4141722,4001664
4536771,4361316
3941632,3831431
4363893,4231050
4263956,4127628
4390293,4245202
4334568,4178911
4294138,4145218
6137521,5812096
4472859,4269101
4277100,4128791
4286682,4145410
4254690,4118660
4468894,4294774
4346891,4171553
4350345,4171730
4175362,4046270
4541564,4326084
4434961,4226390
4519189,4332359
4638062,4458761
4371864,4113872
4252072,4100067
4681190,4442773
4329766,4176648
4205686,4060216
4429533,4234439
4430516,4152271
4302465,4167226
4499900,4319140
4072478,3945046
4321721,4160272
4048505,3939449
4200715,3964175
4436303,4235828
4420515,4236281
4878975,4651939
4585128,4357368
4378516,4213140
4501719,4308967
4393004,4219905
4565712,4387612
4363436,4180793
4622295,4407446
4385288,4200101
4262803,4077665
4304432,4132770
4460123,4306684
7192906,4416058
4289303,4123861
4592932,4413385
4524224,4345627
4178922,4042758
4421342,4250810
4666987,4465758
4458593,4304479
4482144,4316613
4433042,4235267
4622849,4464195
4474076,4312705
4351374,4160587
4174775,4025752
6308172,5995053
4404224,4200558
4421507,4293852
4695528,4475457
4453310,4263881
4358436,4215129
4624531,4444638
4625224,4444510
4390442,4208458
4271275,4120107
4511027,4322749
4373853,4199748
4586337,4425845
4349474,4139996
4416339,4249514
4551541,4371343
4372434,4230142
4454878,4270302
4449795,4274408
4248068,4029388
4405996,4210637
4080382,3961771
4429129,4244930
3967945,3845180
4563537,4408508
4282647,4148629
4379811,4266010
5254612,5089406
4463499,4274802
4198228,4072188
4368045,4218515
4321159,4157961
3879088,3773712
4170790,4039054
4235004,4076889
4132041,4007173
4332741,4152988
5259606,5044726
4437875,4250373
5706302,5445353
4463378,4287209
4398375,4232735
4314989,4139951
4404881,4226091
4547909,4358637
4835651,4586585
4297814,4141444
4230656,4082650
4438456,4227043
4400996,4241365
4199878,4074559
4464672,4323685
4219475,4067871
4040617,3930393
4059281,3944089
4358811,4153434
4052976,3941242
4419373,4266270
5692741,5471018
4057006,3916330
4271603,4056465
4391045,4241329
4064306,3934919
4154234,4032933
4545899,4370097
3951961,3822184
4210111,4090159
3860989,3741551
4238272,4095648
4152034,4034690
3821952,3687265
4276490,4149585
4043733,3928981
3720118,3607669
4054105,3922474
3864666,3727047
4053635,3916977
4080245,3960380
3811154,3710157
4042676,3922681
3910282,3781313
4103576,3962790
4171144,4042415
4156531,4027734
4536415,4279909
4466437,4272771
4160261,4030793
3903413,3799830
4552891,4253961
4236833,4099765
4146116,4013771
4196996,4028714
4218517,4068400
4194841,4053242
4020604,3885047
4510799,4325066
4388935,4269922
4006643,3855911
4455561,4311061
4120917,3993637
5216252,4889350
5907859,5710522
4447875,4281980
4523260,4276655
4314518,4169964
4110349,3956072
4231060,4074194
4451143,4296850
4087275,3866519
4962073,4733439
4207935,4096159
4344378,4212905
4112423,3991917
4193542,4055152
4705802,4530086
4127069,4000690
4289222,4175154
4136663,4011127
4147574,3995414
4119517,3949146
4139559,4009831
4151414,4018134
4405000,4223903
4300882,4156779
4385487,4120781
3957193,3824024
4205532,4053195
4345384,4192224
4253993,4113611
4276550,4132520
3984307,3849551
4091611,3952334
4193642,4070110
4456462,4280434
4411351,4274049
4210341,3985025
4260678,4117994
4282387,4043241
4203414,4075865
4100396,3971414
4095254,3979881
4087502,3963072
4052331,3935709
4130924,4023000
4228217,4075242
3967128,3846593
4220290,4099562
4352520,4187443
4218674,4080114
4517961,4358541
4112813,3981310
4655891,4452665
4251783,4103158
4323881,4169765
4225283,4063446
4001584,3879655
4143900,4029916
4190618,4002770
4014379,3898434
4263344,4089605
4217531,4075719
3917716,3719548
4400135,4237851
4455358,4270648
4324256,4087688
5832214,5589188
4437108,4255165
4230773,4092116
4421206,4262293
4183539,4033586
3825514,3717055
4526324,4365164
4201245,4047058
4179620,4056905
4069988,3970698
4510710,4343711
4595076,4405162
4422419,4285284
4116959,3933086
6003375,5783869
4434336,4245556
4371038,4197062
4200802,4044568
4246892,4003126
4475049,4281191
4050702,3897835
3865597,3746602
4130144,4009682
4090487,3874855
4566289,4346416
4113994,3971246
4405269,4250803
4339908,4215608
4602056,4385880
4453396,4251566
4150161,4029228
4169840,4015724
4155063,4018164
4094644,3970528
4564715,4341816
4577776,4381476
4188521,4050278
4385358,4240115
4244365,4107648
4193531,3998997
4448335,4271692
4572570,4366049
4400544,4274330
4277698,4024873
4309367,4128439
4317648,4170935
4289611,4139479
4247117,4108364
4601511,4375065
4320685,4172898
4388547,4214401
4224676,4118962
4227086,4066555
4388313,4220428
4491560,4287097
4368851,4168354
5789303,5578051
4178405,4052548
4234772,4078822
4279824,4118481
4321933,4148705
4592098,4421060
4516124,4325929
4310671,4127621
4438267,4246527
4577243,4366066
4203818,4046614
4280013,4123813
4124509,4004148
4628488,4383241
4213604,4066767
4297960,4153559
4007416,3890559
4304537,4144605
4379259,4208608
4208330,4086937
4409951,4246562
4331609,4106370
4339442,4164276
4418972,4261255
4183359,4042071
4677401,4505072
4485108,4291508
4542901,4336684
4420038,4256482
4188548,4029695
4214276,4085527
4570691,4409564
4485768,4229971
4139198,4014319
4315639,4158329
4349306,4198315
4540271,4366536
4519275,4294829
4056539,3947429
4295174,4157003
4194028,3979898
4489370,4292649
4299519,4155784
4249279,4114233
4307219,4157453
4537557,4353346
4464040,4196596
4314756,4166691
4028105,3916298
4084945,3980388
4139947,4010751
4708752,4525784
4231165,4112919
4207965,4081840
4200936,4071483
4118958,3988681
4466754,4272520
4223811,4094794
4325141,4156674
4442132,4283015
6124795,5838541
4137374,4022026
4362108,4175580
4370219,4238013
3891174,3744272
4176907,4056980
4851478,4650168
4042303,3923388
4238832,4122265
4028187,3912451
4441891,4215932
4540870,4380053
4333922,4159959
4036833,3905915
5912060,5688231
4317317,4165266
4058774,3930210
4142204,4019898
4410575,4243492
4353613,4210428
5083513,4855645
4366491,4210108
4343185,4184490
4372706,4221423
4293380,4129782
4444352,4216243
4428669,4245643
4409962,4265811
4528720,4337782
4370316,4201906
4277697,4130447
4307247,4172910
4301893,4183371
4219301,3989891
4849065,4670199
4099448,3968729
4227318,4097432
4159532,4030695
3977189,3856293
3892080,3769698
4209058,4051134
4284693,4156640
4210710,4066465
4161895,4023632
4256823,4092090
3908353,3802986
4300370,4127429
4488724,4336176
4638929,4498558
4547524,4378766
4106763,4002622
4326534,4154515
4194843,4058446
4278737,4134236
4347693,4180695
4435470,4246343
4644915,4458570
4296991,4147705
4289172,4147111
4185249,4073832
4245334,4071088
4241594,4124950
4515728,4363401
4185539,4065015
5821841,5460295
4195711,4080727
4162274,4045570
4196538,4038998
4204205,4040780
4408309,4251771
4234162,3980277
3969087,3821281
4270785,4122480
4138127,4023180
4170240,4059502
4164719,4049490
4303524,4151222
4302412,4175571
4564310,4365499
4158972,4032747
3994942,3877465
4161336,4045990
4377102,4219610
4130977,4011485
4744583,4538277
4408289,4272481
4030870,3918790
4194707,4070593
4240533,4121725
4531154,4361999
4525961,4348889
6195112,5878625
3892297,3763350
4056002,3923554
3946802,3833493
4108475,3989755
4546078,4331400
3944349,3798178
4331420,4166867
4266844,4098172
4536156,4337930
4228059,4100136
4592646,4399580
3883866,3780388
4380605,4216398
4075223,3955691
4214996,4097420
4248709,4099008
4402193,4266325
4098317,3981744
4477493,4301877
4934871,4668621
4318458,4179236
4409778,4256015
4388001,4223906
4333446,4168322
4154884,4023114
4411070,4247248
4305475,4104696
4782043,4535993
4348661,4208661
4603953,4433070
4141708,4014359
4316293,4152151
5000551,4806320
4379763,4204607
4148630,4029051
4733705,4551883
4380909,4154966
4318949,4167794
5870607,5640204
4100300,3975632
3947610,3841641
3845620,3741708
4174120,4035636
4331979,4155013
4212111,4070053
4274142,4140044
4154899,4030137
3976648,3862842
4279202,4156714
4053905,3925051
4343647,4203604
4398960,4227427
4134299,4010414
4464334,4305250
4527169,4373528
3955587,3827725
4067378,3935746
4008904,3872682
4213571,4088489
4437252,4189385
4195658,4077603
4316020,4186766
3956579,3804098
4145822,4020386
4315738,4161418
4065718,3947735
4175493,4031027
4306632,4163064
4201585,4041110
4359418,4212542
4406614,4228513
4847099,4671341
4637171,4352166
4205837,4062434
4501132,4311731
4181222,4058536
4032990,3920710
4079208,3973028
4732136,4474174
4253360,4102474
4069395,3959504
4265182,4125174
4170625,3962546
4200162,4060755
4338232,4121775
4158452,4024999
4267347,4125495
4387740,4237988
4343600,4097286
4286691,4146993
4371069,4155031
4283055,4127341
4298199,4149771
4236605,4098068
4435812,4283312
4182543,4040840
4107932,3981525
4223450,4104461
4218192,4055067
4298800,4120486
4434385,4258500
4183758,4050885
4104888,3951190
4174806,4045956
4298088,4169679
4138730,4024031
4167116,4025144
4165034,4052955
4282149,4134213
4265475,4136248
4231760,4092315
4436427,4279755
4526218,4328331
4519094,4368759
4254295,4098620
4123614,4010835
4201227,4081123
4375891,4212923
4338208,4160328
4295686,4152843
4672551,4461006
4279090,4124926
4157918,3904892
4138642,3989543
4304643,4137726
4211544,4103068
4159603,3882247
4262591,4135923
4385271,4188552
4049650,3939808
4161763,4021648
4108759,3953504
5389214,5188112
3958547,3728934
4204827,4051212
4232554,4112012
4431892,4272690
3966258,3854131
4176412,4071146
4118511,3976628
4530418,4345681
4200612,4065168
4427013,4258501
4336870,4176188
4307622,4145052
5463009,5184186
4088059,3971285
4300981,4133136
4236086,4092089
4392695,4229031
4370905,4206791
5365330,5136478
4367991,4195463
4240961,4080903
6507379,6368180
4504929,4304219
4171552,4047490
4480385,4344506
4310936,4114735
4240954,4111944
4336229,4197383
4120638,4007669
4065153,3965214
4290641,4121824
4274270,4132902
4071700,3956849
3882381,3762741
4175185,4031151
4206471,4047275
4107442,3990465
4583710,4425795
3996803,3800824
4325008,4178144
4415907,4180990
4382039,4200893
4249571,4107758
6095467,5817957
4507135,4350150
4378439,4220923
4573293,4426494
4270005,4144107
4098495,3946096
4018474,3906109
4096007,3991175
4583333,4375467
4291260,4126393
4380689,4230318
4465819,4257997
4642053,4448441
4447453,4252631
4320478,4159918
4102996,3988846
4287196,4156639
4106087,3941332
4370403,4130896
4126058,4012166
4262558,4104279
4454395,4290216
4264968,4037529
4006929,3898734
4089338,3973449
4315794,4161299
4196968,3953988
4338584,4201782
4293978,4147249
4199104,4083074
4224667,4086642
4052749,3939698
4408230,4259260
4045568,3932764
4305628,4154099
4239936,4104487
4330977,4196010
4387261,4161123
4082967,3974443
4096248,3978078
4424064,4261936
4293508,4158936
4204718,4063605
4114696,4000463
4354511,4218699
4308772,4141453
4176184,3994711
4143915,3914703
4248552,4125549
3895333,3788982
4330802,4116783
4051703,3946071
4219399,4106577
4495223,4274859
4215768,4082201
4237229,4096337
4302770,4175034
4265970,4122423
4186986,4064725
4211679,4062644
4240572,4118937
4010826,3889693
4020695,3900360
4169567,4054612
4226158,4070395
4306563,4179223
4305801,4181271
4079941,3949110
3982524,3867939
4093378,3978614
4439626,4274183
4709938,4523221
4255070,4098629
4241489,3989256
3915596,3798521
4265045,4038849
4384621,4244900
4228778,4074832
4078141,3951505
4224837,4056429
4182061,4068689
4184486,4031791
4312693,4152800
4336552,4152989
4035637,3925405
4130530,3992839
3955639,3839127
4141643,4017187
3948258,3743723
4267072,4097710
4025396,3902323
4054583,3947110
4347236,4181679
4121049,3989246
4404476,4254160
4374891,4230212
4003680,3874927
4235047,4081750
4235712,4088635
4525865,4332727
4288148,4137510
4193734,4064524
4116796,3982536
4130916,3993794
4404895,4252897
4120893,3978630
4060330,3951956
4111599,3977314
4160899,4023514
4292871,4148656
4492777,4299380
4171230,3983309
3787072,3668958
4138146,3999136
4020970,3902695
4250569,4128938
5773622,5544870
4161703,4025261
4219416,4069446
4012612,3886232
4198126,4043150
4156724,3932989
4169519,4053385
4045230,3925340
4128764,3982578
4318273,4095580
4204447,4003152
5220666,5035255
5857092,5657632
4389844,4178384
4384080,4215489
4579331,4356494
4116218,3915639
3832693,3720433
4066743,3950552
4225510,4096171
3917944,3814339
4183134,4059003
4321788,4184740
4404730,4287684
4626845,4442919
4163258,4017153
4079186,3965249
3877136,3771269
4204831,3966548
4011696,3900092
4405486,4248278
4065044,3895658
4070262,3957626
4183581,4039338
5838600,5607136
4378230,4214557
4390168,4204594
4173949,4050939
4321158,4196501
4146426,4029037
4324181,4183985
4197928,4078826
4410658,4240376
4271041,3994914
4227624,4069685
3929527,3822162
4462232,4294138
4244890,4117281
4408268,4270766
4227594,4066625
4245837,4121510
6214249,6107515
4027688,3897615
4073891,3962344
3981101,3877501
4048737,3916954
4128405,4027123
4083202,3954230
4270688,4138506
4297391,4113889
4416678,4243201
4000810,3887847
4875650,4682281
4452298,4284386
4318440,4139267
4178823,4045361
4127350,3970408
4188972,4059755
4400388,4206404
4377545,4197751
4596616,4430172
4291805,4141106
5713160,5488823
4415286,4182849
4533068,4383810
4247486,4121266
4321602,4139502
4762913,4501191
4374430,4206318
4259053,4119790
4364423,4222548
4258223,4118691
4347631,4216295
3924600,3816491
4404972,4251821
4261336,4137369
4289087,4087734
4257219,4065850
4130784,3907962
4179058,4030507
3973912,3865668
4223432,4027788
4268889,4125565
4351533,4220940
4227211,3942534
4324666,4179010
4234033,4023482
4179081,4035500
5074539,4808439
3867443,3743068
4353645,4177596
4176193,4047582
4343662,4202135
4399911,4147535
4063866,3945539
4072594,3960886
4058818,3944983
4146382,3996241
4329846,4143761
4604182,4395016
4480036,4291521
4403492,4205358
4391836,4196723
4359576,4170168
4326603,4143430
4563062,4363567
4286587,4154967
4235272,4058268
4409963,4260021
4240250,4114814
4071366,3953964
4204256,4056116
4177112,4061413
4264853,4115658
4359307,4153779
4308876,4107374
4481854,4315663
4295582,4155796
4185915,4044502
4207641,4080287
4256257,4118802
4301430,4145476
4408224,4235664
4558529,4352806
4277389,4125832
4248880,4125128
4298479,4135833
4377729,4223693
4354369,4169951
4588181,4362535
4323661,4158624
4452360,4271970
4888648,4666888
4410468,4231382
4408543,4235530
4493786,4313640
4317789,4152866
4526493,4323384
4387817,4196870
4325577,4137524
4532848,4336224
4318646,4136786
4515279,4305201
4562667,4355978
4429619,4238428
4493401,4304251
4360920,4175705
4360239,4158913
4582568,4384409
4395054,4201500
4529127,4310768
4492214,4301287
4416078,4222847
4451986,4250328
4592073,4374391
6155334,5885414
4316569,4125986
8595344,8404689
4448872,4278238
5365986,5137970
5133630,4915772
4496589,4312104
6412602,6119989
4426616,4261167
4353266,4189064
4474019,4280233
4333635,4161300
4608230,4405299
4328973,4131465
4412303,4241007
4371809,4201346
6201909,6000736
4530440,4342322
4407333,4228936
4343256,4170929
4900588,4698301
4436613,4262340
4366228,4181075
4687234,4483857
4294464,4116280
4332157,4149066
4599315,4454004
4789507,4580304
4556048,4388333
4740973,4588854
4422238,4251818
4967391,4777761
4656415,4520957
5141791,4978377
4383500,4229261
4795585,4610066
4916394,4744246
4510188,4294393
4528732,4325286
4545239,4374428
5176640,5015259
4939214,4716684
5141226,4960960
4818815,4616501
4710939,4565580
6103894,5856224
4805938,4644168
4721890,4570117
4806198,4605709
4624229,4483364
4840351,4643343
5033556,4777685
5309944,5089222
4846673,4663740
4828154,4669775
4677111,4516549
4814735,4603918
5172406,4936871
4880161,4693543
4905575,4696182
4746131,4610252
5107421,4857079
4963830,4786122
5028334,4863204
4711174,4584444
5071259,4885808
4693267,4543344
4901586,4707730
4823604,4677911
4782510,4648872
4848387,4608991
4716940,4546452
5553929,4480984
4573748,4390258
4690206,4477756
5108766,4912941
4946987,4785269
4714100,4537752
5114445,4877744
4816349,4622597
4861634,4687421
4914032,4750918
4876378,4684964
4853358,4681034
5779559,5562497
4762860,4600893
5142564,4983258
5228064,4957883
5001810,4760726
4871825,4670805
4521142,4351550
4744996,4580896
4729982,4503599
4980880,4760534
5230136,4945277
5036391,4789530
4448700,4279973
4672549,4486326
4953598,4791878
4763908,4633071
5100187,4847901
4820271,4571409
4935639,4772056
4725873,4467546
5009537,4797008
4673698,4522411
4915638,4746031
5121563,4940674
4932348,4809777
4857266,4692548
4712042,4566438
4686713,4524464
4885753,4718875
4849427,4698117
4717038,4483223
5288526,5087033
4810789,4602237
4771490,4607827
4608071,4443180
4329030,4129817
4553667,4413051
5118138,4772492
4820431,4689276
4925947,4762030
6880732,6621315
4956474,4819265
4574333,4433062
4727223,4576763
4778639,4641112
6702623,6403895
4698713,4538207
4815656,4648987
5058799,4857320
4841777,4672719
4988843,4723400
4927783,4761634
4462800,4270691
4441981,4237419
4709288,4544213
4484410,4291580
4796524,4583627
4288764,4120271
4853032,4703496
4511822,4372399
4825181,4636244
4906047,4736233
5094033,4921896
4652389,4487907
4671682,4513990
4568602,4439940
4822815,4637183
4416865,4260981
4623270,4460357
4830324,4671479
6488066,6200501
6269698,6031128
5053980,4843286
4713842,4535172
4948152,4630107
4521141,4403503
4208496,4063968
5199216,4982928
4721461,4574253
4354522,4223933
4932579,4699324
4795244,4590979
8366996,8177098
5118926,4938285
4285414,4145192
4550031,4381085
5320400,5119919
4372497,4203048
4291905,4136965
4350008,4184923
4276200,4126329
4231240,4086210
4349691,4191199
4363957,4201593
5680670,5517712
4854143,4652571
4685387,4517229
6883420,6691960
4670890,4467434
4392898,4200631
4509881,4293352
4285126,4120800
4388094,4231910
4291975,4121794
4254287,4089135
4300339,4136397
4450131,4289872
4452762,4261389
4318675,4155998
4269447,4126322
4651616,4438799
4415875,4241163
4458252,4283097
4821793,4599529
4330308,4120458
4265118,4113796
4547468,4382583
4127129,4000430
4095582,3960170
4425209,4233350
4241519,4096857
4061247,3938407
4173258,4044348
4184298,4066394
5769317,5557964
4163332,4042583
4082529,3968838
4178727,4059767
5521675,5274437
4401813,4251534
4323219,4165180
4436147,4265945
4283111,4146662
4689853,4508194
4117102,3986116
4730747,4519864
4136472,3998654
4177301,4069562
4307262,4151808
4459569,4275864
4335773,4174563
4313972,4142726
4295314,4141091
4221046,4086748
4445571,4253810
4333882,4134377
4688824,4473786
4316096,4145678
4309718,4176904
4123958,4003106
4523629,4335569
4394272,4241423
4331552,4185023
4053508,3939573
4157757,4002639
4268573,4121016
4567216,4391707
4305026,4139935
4197311,4061876
4332764,4169082
4522235,4336849
4454194,4261770
4381201,4213892
6742010,4161844
4489355,4316257
4188204,4074882
4327256,4151492
4119640,3988577
4269557,4124189
4204802,4065704
4186818,4035479
4536635,4345940
4440884,4282875
4273830,4114089
4479074,4298435
4283161,4116966
4281907,4111438
4457941,4291555
4320559,4158531
4104525,3973238
4353344,4148586
4314239,4141315
4380430,4218247
4345718,4173843
4527640,4329845
4279190,4122705
4335562,4193251
4252648,4101359
4585609,4405270
4333922,4180623
4319647,4149678
4324467,4151259
4284189,4134179
4245207,4091223
4370729,4209624
4177099,4051878
4419533,4221040
4311528,4159895
4309893,4131208
4058518,3938067
4366773,4210067
4293706,4120947
4357476,4174149
4317508,4126694
4202042,4057004
4265905,4114439
4285151,4142882
4355835,4200242
4126012,3973464
4142173,4015550
4245166,4122530
4331026,4168376
4262072,4100512
4578499,4415406
4194362,4044757
4268264,4098635
4317372,4135775
4259981,4091826
4521805,4334190
4334276,4140516
4388141,4206204
4015978,3893157
4335202,4173646
4384013,4221317
4335520,4167484
4347759,4192435
4178734,4033825
4114722,3978633
4553764,4352966
4599357,4395344
4408467,4210198
4213693,4063434
4304881,4136681
4327417,4175408
4285692,4118380
4155567,4018713
4308502,4124549
4400350,4249994
4143982,4022166
4289711,4132058
4632612,4447619
4436831,4264264
4406597,4226540
4628416,4427066
4286641,4128773
4480569,4307221
4345341,4170048
4533638,4321440
4309022,4125572
4768858,4556973
4315514,4115843
4340058,4179183
4380884,4198075
4273234,4112841
4554902,4347169
4376466,4227095
5778283,5535325
4355977,4174896
4335166,4185074
4436016,4257342
4379563,4204305
4613230,4408760
4405273,4221528
4301344,4140509
4392318,4224760
4512552,4290057
4429748,4252465
4114864,3984117
4230245,4062078
4495357,4329487
4330296,4152265
4469467,4289325
5378276,5171317
4498426,4322238
4271128,4138187
4375987,4210890
4202272,4052630
4455604,4306580
4090120,3966275
4474511,4278440
4451158,4255457
4271169,4119530
4227123,4068313
4524232,4346851
4325187,4147241
4447963,4260160
4665086,4474708
4296527,4123034
4498193,4320239
4291124,4140937
4353326,4180070
4420690,4284221
4206679,4082549
4491916,4312853
4354637,4198102
4381165,4205380
4355089,4203749
4341558,4164210
4522924,4309382
4340240,4175521
4499286,4310920
4306242,4129133
4316440,4156864
4268275,4123286
4316809,4137718
4535332,4352341
4829266,4622679
4367458,4192955
4420317,4227603
4389919,4216770
4382360,4234967
4532390,4354571
4503202,4313059
4377390,4179734
4274068,4108262
4528971,4347330
4377497,4183092
4319982,4139313
4338302,4157570
4289038,4116099
4369985,4191531
4412988,4279900
4298532,4143911
4428424,4247592
4452349,4275209
4590726,4371421
4262415,4111219
4354946,4188638
4351353,4181111
4598512,4374354
4378618,4208173
4770855,4559356
4548336,4346948
4340345,4188803
4391798,4203794
4359615,4188734
4381548,4231359
4435750,4262016
4346804,4163609
4376354,4192187
5390990,5112555
4621664,4408319
4526461,4370146
4481658,4283452
4415439,4248830
5523276,5259719
4288986,4118595
4586017,4429150
4344278,4155396
5987736,5749876
4620246,4412014
4856251,4588911
4433876,4271140
4272624,4109118
4582432,4381036
4304739,4142398
4478721,4293772
4434955,4235688
4363430,4201271
6037540,5771338
4402640,4202112
4480078,4262141
4477872,4295903
4320191,4157467
4482609,4291370
4318172,4139339
4382482,4212457
4428977,4263505
4315339,4133084
4335885,4157107
4308454,4145305
4658731,4411165
4295028,4129982
5967684,5688745
4524459,4317321
4409578,4250196
4400566,4212370
6162960,5860925
4551011,4367451
4436591,4262088
4386752,4207139
4190973,4057162
4498681,4292835
4372371,4207063
4538252,4327533
4248004,4073088
4423167,4243657
4360292,4160905
4493371,4316069
4501914,4337234
4457358,4297861
4406509,4225233
4533077,4358959
4415065,4226058
4580824,4365684
4435235,4252707
4275064,4119107
4604972,4393172
4353623,4192127
4322346,4151893
4568665,4362430
4380081,4182911
4387000,4212729
4647656,4448335
4455406,4244004
4360664,4195003
4345408,4179621
4414226,4260001
4516326,4339073
4533731,4322204
4300752,4131056
4436763,4258856
4320379,4147909
4406415,4231484
4286637,4116956
4376093,4193063
4401686,4222285
4346901,4189448
4375009,4191024
4334018,4152429
4524377,4319944
4401893,4216476
4397757,4206952
4402970,4240832
4403002,4229739
4354818,4190324
4333919,4142245
4393996,4231417
4295072,4141070
4497742,4282571
4436717,4268826
4612600,4401642
4331368,4143064
4428113,4247508
4333802,4180935
4241532,4071351
4299561,4131422
4387650,4206605
7201098,4479818
4632257,4418069
4404374,4233543
4467581,4271690
4471858,4281960
5460092,5223595
4439933,4259642
4491760,4316772
4380322,4211403
4891923,4679355
4313606,4144584
4241859,4072367
4348325,4153730
4503757,4296091
4517981,4314965
4353956,4180182
4479217,4304044
4379256,4202985
4283060,4102303
4437979,4262800
4262117,4094537
4303982,4112205
4559121,4396087
4408344,4225516
4350389,4160576
4331734,4141893
5517896,5275460
4312333,4126316
4341334,4164960
4488743,4282967
4351197,4158519
4405928,4226104
4430973,4242910
4285560,4122044
4368366,4235112
4373816,4204855
4332457,4161338
4406099,4249262
4654147,4459612
4641125,4403502
5560824,5308048
4270689,4099738
4536988,4307229
4320679,4144013
4185086,4035460
4519193,4336341
4367104,4176824
4342041,4195796
4403151,4202461
4156766,4014669
4397778,4241123
4353981,4159146
4419458,4240562
4285411,4108919
4294678,4109715
4504248,4329204
4278099,4115577
4534709,4325495
4181143,4037224
5199194,5002961
4577037,4364312
4489469,4304623
4264329,4108790
4239165,4092174
4348993,4176200
4436868,4277295
4404822,4232006
4347985,4191818
4320234,4153745
4109087,3976606
4517292,4279695
4720083,4497503
4335547,4118598
4353978,4180778
4357659,4189062
5976519,5680317
4347590,4168813
4604311,4442038
4412917,4256039
4092253,3961355
4174184,4042150
4191043,4050183
4350375,4200706
4360544,4196499
4439869,4273809
4271945,4092012
4311000,4180167
4507649,4281073
4374810,4105465
4408975,4242183
4283856,4105418
4354136,4210108
4159814,4030473
4296296,4128504
4351336,4185438
4332886,4166516
4486855,4271404
4293322,4164345
4280545,4099806
4559143,4341151
4564089,4375714
4300981,4119844
4436882,4232027
4514084,4304618
4569591,4390567
4294105,4131705
4291612,4121854
5418552,5180647
4511012,4323597
4325884,4153680
4591329,4384224
4300365,4116556
4484405,4282699
4252134,4087639
4346940,4166085
4074508,3956947
4363445,4242551
4325172,4157666
4200820,4080552
4343621,4212681
4123789,3995177
4220075,4101119
5374390,5118465
4707780,4535890
4289038,4125367
4278139,4141357
4227158,4062455
4110872,3998733
4299095,4146574
4271854,4117498
4252893,4112582
4791773,4587836
4110560,3988604
4594197,4387415
4463333,4278569
4194430,4071102
4300157,4154641
4379570,4206521
4315757,4141547
5468814,5230714
4261805,4103689
4384272,4220766
4491377,4321826
4559847,4337295
4500166,4287518
4357443,4176945
4233165,4092017
4051163,3917151
4665721,4461379
4203876,4055541
4453883,4277457
4519062,4315209
5941381,5689514
4125922,3994309
4453789,4261572
4558406,4352581
4324895,4166440
4068399,3941952
4166621,4044901
4583243,4363203
4319401,4146684
4368860,4206465
4334557,4172320
4433690,4264895
4281039,4129900
4590565,4377767
4370029,4231025
4261744,4099913
4512994,4337884
4331113,4174256
4194173,4048957
4462818,4281980
4266251,4094175
4464363,4269710
4207554,4062084
4068345,3954266
4398468,4242560
4344155,4149763
4172655,4033790
5416635,5186259
4324628,4153561
4250766,4105246
4425964,4256800
4374500,4198587
4272772,4121857
4696389,4522477
